# Radius of Gyration Tensor of DendrimerRGTensorAnalyzer: whole Molecule with endgroups
# time    R_1   R_2   R_3   Tr   D   M   <A>
100000 9.58476 17.143 20.6811 47.4088 3398.14 717.071 0.0428842
200000 12.6518 14.7925 18.7822 46.2265 3515.12 702.616 0.0286073
300000 10.7007 16.4392 19.0756 46.2155 3355.6 693.62 0.027673
400000 11.2922 13.698 16.2694 41.2597 2516.57 561.258 0.0242042
500000 10.2993 14.3761 19.3081 43.9834 2858.82 624.497 0.0256049
600000 10.9073 16.0108 19.7394 46.6575 3447.18 705.981 0.0258673
700000 10.6046 12.161 18.8753 41.6409 2434.2 558.67 0.0267986
800000 10.6154 13.8112 20.5568 44.9834 3013.86 648.745 0.0282308
900000 10.6506 12.144 19.6805 42.4751 2545.5 577.951 0.0293122
1000000 11.61 12.5505 21.7566 45.9171 3170.19 671.362 0.0309366
1100000 9.34726 12.7702 24.8328 46.9503 2964.2 668.605 0.0368045
1200000 9.64976 15.2729 20.1878 45.1105 2975.28 650.514 0.0371559
1300000 9.63414 14.8768 19.9863 44.4972 2864.54 633.208 0.0374156
1400000 11.7469 13.9912 16.5436 42.2818 2719.01 590.156 0.0356445
1500000 10.1021 12.4159 21.4986 44.0166 2696.49 609.531 0.0369736
1600000 8.91929 17.3838 24.1997 50.5028 3752.19 791.577 0.0394812
1700000 7.18502 16.4331 29.3709 52.989 3467.87 811.756 0.0468935
1800000 9.44532 13.4838 22.7283 45.6575 2894.66 648.5 0.0479994
1900000 10.8552 14.3586 21.6536 46.8674 3375.05 701.835 0.047636
2000000 12.1233 13.4931 18.3726 43.989 3005.4 634.219 0.0461957
2100000 9.8989 15.4082 18.2233 43.5304 2779.49 613.703 0.0454184
2200000 9.59952 12.6992 24.1267 46.4254 2941.19 659.901 0.0471239
2300000 13.534 15.4023 17.0914 46.0276 3562.77 703.014 0.0452297
2400000 11.1174 18.9102 20.1271 50.1547 4231.37 814.601 0.0443915
2500000 11.1437 11.9915 22.3676 45.5028 2988.97 651.108 0.0448748
2600000 8.25224 14.8328 23.6608 46.7459 2896.17 668.614 0.0463671
2700000 11.4739 13.4495 21.1649 46.0884 3266.15 681.823 0.0460169
2800000 9.14758 18.2601 19.0564 46.4641 3183.1 689.328 0.0458736
2900000 11.7799 15.6106 20.173 47.5635 3709.65 736.441 0.0450407
3000000 9.80434 14.0246 21.9777 45.8066 3021.97 661.207 0.0453595
3100000 11.0879 14.623 20.0681 45.779 3253.81 678.107 0.0448432
3200000 9.94653 13.9261 18.5638 42.4365 2571.4 581.684 0.0444708
3300000 12.0506 15.7114 16.5584 44.3204 3135.04 649.027 0.0434539
3400000 9.86921 17.3211 20.3511 47.5414 3478.93 724.299 0.0433005
3500000 9.90815 14.6025 19.2352 43.7459 2783.02 616.151 0.0430596
3600000 9.67632 15.7624 18.4839 43.9227 2819.21 622.73 0.0427658
3700000 13.8587 15.1053 18.0692 47.0331 3782.59 732.695 0.0417232
3800000 9.34136 17.6604 19.6889 46.6906 3248.11 696.606 0.0417137
3900000 11.4425 16.3292 18.8526 46.6243 3522.56 710.416 0.0411245
4000000 11.3514 14.3343 19.8667 45.5525 3232.62 673.007 0.0407741
4100000 11.6473 14.6194 19.7941 46.0608 3370.46 690.201 0.0403604
4200000 10.5312 14.6027 21.4739 46.6077 3302.33 693.505 0.0404069
4300000 11.897 15.9426 20.0112 47.8508 3795.52 746.774 0.0399291
4400000 9.9426 13.0724 22.6148 45.6298 2939.34 650.454 0.0404442
4500000 11.4205 14.6751 16.6171 42.7127 2784.98 601.231 0.0398805
4600000 13.0624 14.8998 18.0212 45.9834 3507.42 698.54 0.0392007
4700000 10.898 15.1354 19.1875 45.221 3164.91 664.464 0.0389098
4800000 10.6664 12.2091 22.0195 44.895 2867.55 633.935 0.0392618
4900000 9.84152 13.7801 24.2071 47.8287 3282.89 707.428 0.0399971
5000000 9.81443 12.4673 21.7404 44.0221 2660.14 606.773 0.0403806
5100000 10.4201 15.5702 20.076 46.0663 3257.19 684.024 0.0402339
5200000 9.80915 13.2279 22.4657 45.5028 2915.03 647.299 0.0406503
5300000 9.81245 16.142 21.3052 47.2597 3374.59 711.358 0.0407278
5400000 8.92111 14.6814 25.5798 49.1823 3350.3 734.722 0.0417522
5500000 11.4989 13.9148 19.0117 44.4254 3041.97 643.163 0.0414206
5600000 10.792 12.6662 18.3705 41.8287 2511.13 567.633 0.0412011
5700000 9.75013 14.605 19.8216 44.1768 2822.62 625.16 0.041165
5800000 11.1276 14.8255 17.7154 43.6685 2922.55 624.742 0.0407867
5900000 9.89016 15.7777 21.7907 47.4586 3400.31 715.365 0.0409031
6000000 11.2658 14.7905 18.8609 44.9171 3142.72 658.07 0.0405904
6100000 12.8136 14.3058 18.0022 45.1215 3299.95 671.516 0.0401095
6200000 11.8728 15.1748 16.6541 43.7017 3000.52 630.62 0.0396559
6300000 12.2631 13.437 17.3496 43.0497 2858.86 610.666 0.0392576
6400000 8.55618 15.7891 21.3729 45.7182 2887.37 655.425 0.0395716
6500000 9.16176 12.7847 22.7055 44.6519 2659.5 615.435 0.040079
6600000 11.0629 15.6934 19.1001 45.8564 3316.05 684.661 0.0398208
6700000 11.0273 15.9143 16.3126 43.2541 2862.71 614.978 0.0394721
6800000 11.0726 15.3281 21.2237 47.6243 3602.1 730.04 0.0393903
6900000 11.5954 14.6273 16.3353 42.558 2770.62 597.965 0.0390129
7000000 10.5895 16.5527 18.8578 46 3305.49 687.127 0.0388208
7100000 11.0511 14.4341 18.5536 44.0387 2959.51 632.351 0.0385971
7200000 11.0249 15.4636 18.0363 44.5249 3074.93 648.241 0.0383374
7300000 9.01515 17.4691 22.3776 48.8619 3524.18 750.141 0.0386376
7400000 10.3025 14.8403 20.5036 45.6464 3134.84 668.41 0.0386236
7500000 11.7867 13.4653 20.4331 45.6851 3242.97 674.688 0.038511
7600000 8.97563 17.6408 21.5715 48.1878 3415.56 732.491 0.0387334
7700000 9.69257 15.3822 21.207 46.2818 3161.81 680.853 0.0388362
7800000 9.69437 15.7283 16.7984 42.221 2561.34 579.534 0.0386806
7900000 11.7964 12.9254 22.4274 47.1492 3419.58 706.918 0.0387798
8000000 8.7412 17.9954 20.8822 47.6188 3284.8 715.62 0.0389764
8100000 11.0141 15.1594 22.5337 48.7072 3762.38 756.752 0.0390337
8200000 8.71137 15.81 20.4565 44.9779 2817.41 639.349 0.0391857
8300000 10.3911 12.7737 23.918 47.0829 3174.72 686.791 0.0395874
8400000 9.01634 16.7198 24.1037 49.8398 3633.66 771.086 0.0399996
8500000 9.28945 15.926 19.7569 44.9724 2922.91 646.124 0.0400178
8600000 10.4018 13.8663 22.0524 46.3204 3180.7 679.402 0.0401375
8700000 10.3143 12.663 24.4923 47.4696 3198.94 693.377 0.0405921
8800000 8.29408 16.2298 23.1502 47.674 3116.27 702.342 0.040991
8900000 10.8535 12.0444 22.5109 45.4088 2942.72 646.177 0.0411997
9000000 7.99074 13.934 27.4454 49.3702 3055.86 713.077 0.0422468
9100000 10.3135 15.7386 17.7324 43.7845 2878.33 624.287 0.0420541
9200000 9.00646 11.8737 33.8713 54.7514 3622.18 814.176 0.0442687
9300000 10.0244 14.3916 19.4072 43.8232 2799.82 618.114 0.0441722
9400000 7.72786 15.7945 24.3892 47.9116 2976.9 695.75 0.044712
9500000 9.27131 16.9234 17.9434 44.1381 2815.36 626.925 0.0446134
9600000 8.81861 17.2876 19.8938 46 3032.86 671.804 0.044644
9700000 10.6237 13.8617 18.2716 42.7569 2690.7 594.647 0.0444605
9800000 9.99662 15.2853 20.0385 45.3204 3061.92 659.414 0.0443847
9900000 10.9888 12.9002 22.8955 46.7845 3245.62 688.709 0.0445073
10000000 10.4132 12.0979 27.2182 49.7293 3428.89 738.689 0.0452047
10100000 9.14526 17.4875 20.3617 46.9945 3256.4 702.216 0.0452141
10200000 8.481 16.7362 23.1751 48.3923 3289.46 726.35 0.0454784
10300000 10.3044 14.4646 22.7006 47.4696 3383.51 711.321 0.0455563
10400000 10.0985 11.2377 28.918 50.2541 3281.72 730.483 0.046552
10500000 12.1796 13.1864 18.3522 43.7182 2947.46 626.128 0.0462992
10600000 11.9231 14.3208 19.3307 45.5746 3300.68 678.061 0.0460612
10700000 12.605 14.6632 17.9472 45.2155 3317.19 674.22 0.0457408
10800000 9.91419 14.8345 25.0413 49.7901 3682.89 766.813 0.0460263
10900000 9.19481 14.5665 21.5481 45.3094 2886.07 645.947 0.0461157
11000000 9.9798 13.4196 21.4956 44.895 2878.8 636.91 0.0461668
11100000 11.1308 14.4227 18.5515 44.105 2978.18 634.591 0.0459607
11200000 9.93071 12.6294 20.0808 42.6409 2518.51 578.443 0.0459579
11300000 8.6717 16.2929 22.7482 47.7127 3214.01 709.184 0.0461437
11400000 12.6972 14.0191 18.9909 45.7072 3380.44 685.369 0.0458804
11500000 11.2334 15.7493 18.4207 45.4033 3258.94 673.956 0.0456539
11600000 10.4459 14.3988 19.6083 44.453 2949.26 637.572 0.0455441
11700000 9.53723 16.6733 22.3089 48.5193 3547.48 743.742 0.0456076
11800000 10.7823 12.8885 17.9646 41.6354 2496.49 564.203 0.0454541
11900000 11.0746 14.9008 19.1737 45.1492 3164.07 663.067 0.0452811
12000000 9.34444 16.523 20.9557 46.8232 3235.53 696.47 0.0452958
12100000 11.5391 13.8295 19.0016 44.3702 3032.27 641.623 0.045118
12200000 10.8287 14.62 20.8275 46.2762 3297.33 688.35 0.0450395
12300000 9.42588 14.3193 20.6195 44.3646 2783.05 624.585 0.045062
12400000 10.8085 14.0668 20.169 45.0442 3066.49 653.748 0.0449712
12500000 10.067 14.9761 17.2221 42.2652 2596.48 582.059 0.0448184
12600000 11.7269 13.5582 23.052 48.337 3665.14 741.865 0.0448416
12700000 11.5769 14.3336 16.1282 42.0387 2676.29 583.828 0.0446039
12800000 12.3421 14.8562 18.8348 46.0331 3453.5 695.633 0.0443721
12900000 8.77052 13.7814 26.0614 48.6133 3150.03 708.603 0.0448605
13000000 12.483 13.8034 20.0893 46.3757 3461.54 700.383 0.044689
13100000 9.56848 16.1388 19.7292 45.4365 3046.65 661.607 0.0446433
13200000 9.54762 12.9021 22.6331 45.0829 2788.05 631.293 0.0448156
13300000 12.1678 14.3367 16.048 42.5525 2799.51 599.79 0.0445659
13400000 10.2873 14.0757 18.6812 43.0442 2705.05 599.931 0.0444608
13500000 12.1957 13.7829 18.4137 44.3923 3095.19 646.453 0.0442621
13600000 10.6347 14.7724 23.0294 48.4365 3617.91 742.209 0.0443168
13700000 9.37561 19.1421 20.416 48.9337 3664.04 761.686 0.0443283
13800000 9.85429 14.4035 25.7091 49.9669 3649.05 765.581 0.0446355
13900000 12.6532 13.8712 20.5806 47.105 3612.2 721.402 0.044484
14000000 10.2622 17.6504 20.1095 48.0221 3642.47 742.44 0.0444034
14100000 11.7528 13.8159 18.4645 44.0331 2998.17 634.487 0.0442329
14200000 10.992 12.5668 23.0434 46.6022 3183.09 681.01 0.0443421
14300000 11.7332 13.5865 21.0615 46.3812 3357.48 692.684 0.0442684
14400000 9.33078 15.4602 23.1151 47.9061 3334.48 717.301 0.044405
14500000 8.26775 13.4321 24.3996 46.0994 2709.65 640.52 0.0447622
14600000 11.5107 16.1304 17.5191 45.1602 3252.82 669.92 0.0445621
14700000 10.124 15.238 21.5827 46.9448 3329.57 701.652 0.0445642
14800000 10.6751 14.9044 23.9564 49.5359 3811.6 771.899 0.0446562
14900000 11.7444 12.6129 25.7366 50.0939 3812.4 775.006 0.0448858
15000000 12.0403 15.0854 19.5539 46.6796 3551.62 712.045 0.0447125
15100000 12.2682 14.3253 20.4231 47.0166 3589.27 718.867 0.044572
15200000 9.90897 16.3695 23.705 49.9834 3845.06 785.135 0.0446701
15300000 10.0472 12.6958 23.9918 46.7348 3060.33 673.203 0.0448768
15400000 10.5961 12.8441 19.1675 42.6077 2608.66 585.389 0.0448086
15500000 9.77974 13.5613 21.5263 44.8674 2854.96 635.074 0.0448625
15600000 12.5779 13.9603 17.3181 43.8564 3040.92 635.184 0.0446549
15700000 10.7863 13.4159 19.9801 44.1823 2891.28 628.271 0.0445949
15800000 12.4244 13.2619 17.8993 43.5856 2949.3 624.539 0.0444192
15900000 9.94686 15.4812 19.6935 45.1215 3032.59 654.756 0.0443633
16000000 10.7727 14.8747 19.9272 45.5746 3193.14 671.321 0.0442773
16100000 10.7696 12.688 23.2054 46.663 3170.88 680.987 0.0443893
16200000 11.2021 19.3082 21.5615 52.0718 4663.59 874.141 0.0442979
16300000 13.1046 14.198 16.7306 44.0331 3112.87 642.847 0.0440788
16400000 12.1532 14.4584 15.9299 42.5414 2799.12 599.634 0.0438799
16500000 10.3958 13.1341 18.4094 41.9392 2513.6 569.709 0.0438012
16600000 10.8693 14.2487 20.4787 45.5967 3171.61 669.257 0.0437447
16700000 9.16555 12.6417 26.5187 48.326 3072.67 694.168 0.0441722
16800000 12.1511 14.2652 18.3572 44.7735 3181.99 658.267 0.0440067
16900000 12.3194 14.918 19.4587 46.6961 3576.14 713.786 0.0438475
17000000 10.8391 12.9465 20.8774 44.663 2929.69 636.91 0.043838
17100000 11.7694 13.1171 23.8317 48.7182 3679.16 747.469 0.0439128
17200000 11.4229 13.6879 20.2041 45.3149 3159.03 663.697 0.0438362
17300000 10.4866 13.5496 17.0577 41.0939 2423.72 552.092 0.0437222
17400000 12.7842 15.0404 16.5179 44.3425 3176.06 651.885 0.0435168
17500000 10.5495 14.0463 21.0009 45.5967 3111.94 664.715 0.0435017
17600000 11.7654 14.7424 17.3707 43.8785 3012.94 633.908 0.0433395
17700000 8.98037 11.6905 27.8485 48.5193 2923.67 680.637 0.0439027
17800000 11.0472 14.8299 21.0677 46.9448 3451.49 708.998 0.0438496
17900000 9.78569 10.0654 27.8395 47.6906 2742.1 651.141 0.0444353
18000000 9.21277 13.7183 28.102 51.0331 3551.65 770.795 0.0448988
18100000 8.10182 17.2373 21.6332 46.9724 3021.16 687.821 0.0450135
18200000 9.95918 12.2032 27.6222 49.7845 3357.02 733.706 0.0454442
18300000 10.0516 14.6857 19.1356 43.8729 2824.7 620.979 0.0453781
18400000 10.5489 12.6578 22.1856 45.3923 2962.35 648.38 0.0454342
18500000 12.8492 15.3247 19.0415 47.2155 3749.48 733.386 0.0452498
18600000 8.32701 14.0815 24.8291 47.2376 2911.37 673.639 0.0455281
18700000 9.81626 16.7489 22.2194 48.7845 3653.12 754.673 0.0455472
18800000 12.3588 14.0831 17.4476 43.8895 3036.76 635.398 0.0453772
18900000 10.4457 13.9402 20.4816 44.8674 2982.41 645.075 0.0453434
19000000 8.82269 14.2447 21.6508 44.7182 2721 625.105 0.0454274
19100000 9.26977 10.6691 31.4866 51.4254 3114.01 726.705 0.0462788
19200000 11.0543 15.8772 19.6266 46.558 3444.67 704.082 0.0461684
19300000 10.7499 12.3922 24.4988 47.6409 3263.61 700.168 0.0463258
19400000 8.49771 15.3635 23.8791 47.7403 3117.53 700.34 0.0465022
19500000 10.0141 16.8411 20.1227 46.9779 3393.66 709.048 0.0464469
19600000 9.29654 15.0692 21.5404 45.9061 3017.61 664.937 0.0464823
19700000 8.6621 16.7056 22.1903 47.558 3211.06 707.623 0.0465631
19800000 7.98114 14.1432 23.6822 45.8066 2673.23 636.834 0.0467776
19900000 8.37081 15.895 23.5629 47.8287 3135.14 704.827 0.0469342
20000000 9.5853 15.2163 20.1211 44.9227 2934.71 644.887 0.0469075
20100000 11.1196 13.4768 23.2212 47.8177 3479.87 721.017 0.0469455
20200000 10.7979 13.7765 22.5692 47.1436 3357.35 703.383 0.0469643
20300000 9.98732 12.5263 23.6024 46.116 2952.76 656.479 0.0470975
20400000 10.7159 16.1637 18.1757 45.0552 3148.17 661.762 0.0469798
20500000 11.0484 16.6844 19.7258 47.4586 3636.17 731.387 0.0468703
20600000 10.0853 14.328 18.3546 42.768 2652.29 592.6 0.0467914
20700000 10.0031 14.6575 20.914 45.5746 3066.41 662.372 0.0467749
20800000 9.67163 12.9029 26.1823 48.7569 3267.36 715.847 0.0470434
20900000 10.255 13.8085 22.29 46.3536 3156.42 677.984 0.0470741
21000000 7.37165 18.7164 20.9617 47.0497 2892.1 684.82 0.0471976
21100000 10.2132 14.0492 26.4724 50.7348 3798.46 785.772 0.04741
21200000 10.8775 16.4221 21.7778 49.0773 3890.19 773.155 0.0473544
21300000 10.3823 12.762 22.6955 45.8398 3007.13 657.77 0.0474173
21400000 9.71506 11.6485 22.8077 44.1713 2581.06 600.42 0.0475433
21500000 10.5827 14.2115 18.0732 42.8674 2718.14 598.507 0.0474442
21600000 11.1589 14.5737 18.2508 43.9834 2968.07 632.268 0.0473263
21700000 11.0636 13.8346 18.5162 43.4144 2834.09 614.079 0.047225
21800000 10.9694 14.3071 22.392 47.6685 3514.21 722.932 0.0472167
21900000 9.16561 12.6539 28.2689 50.0884 3278.64 732.794 0.0476295
22000000 9.31755 16.5147 18.9302 44.7624 2912.91 642.886 0.0475858
22100000 9.28436 12.8897 19.6713 41.8453 2354.11 555.864 0.0475861
22200000 10.4739 12.3029 21.9746 44.7514 2831.62 629.369 0.047627
22300000 12.1755 14.7068 20.6148 47.4972 3691.37 733.24 0.0475188
22400000 9.31521 13.0307 21.7812 44.1271 2643.88 608.104 0.0475827
22500000 8.74378 15.6527 24.8466 49.2431 3400.6 743.034 0.0477511
22600000 11.3482 13.0063 24.6676 49.0221 3640.89 748.365 0.0478414
22700000 9.73868 16.6979 19.2872 45.7238 3136.39 672.502 0.0477856
22800000 11.399 14.941 20.0302 46.3702 3411.38 697.907 0.0476901
22900000 10.3744 13.0184 21.7951 45.1878 2943.59 644.905 0.0477103
23000000 6.91337 17.7741 28.3346 53.0221 3481.73 822.389 0.0481398
23100000 11.3693 16.2183 16.7715 44.3591 3092.52 647.077 0.0480009
23200000 10.2822 12.9743 24.412 47.6685 3256.67 701.142 0.0481221
23300000 11.1116 13.4312 18.0705 42.6133 2696.87 592.742 0.0480217
23400000 7.94268 16.3315 21.0573 45.3315 2731.47 640.865 0.0480894
23500000 9.35813 11.1516 28.087 48.5967 2931.1 680.414 0.0485035
23600000 9.97629 14.44 20.766 45.1823 2991.5 651.087 0.0484818
23700000 9.20685 14.0047 24.3243 47.5359 3136.37 693.546 0.0486198
23800000 10.9909 15.164 18.8064 44.9613 3134.39 658.546 0.0485161
23900000 10.8172 15.3059 17.0371 43.1602 2820.79 610.63 0.048399
24000000 11.4104 12.5524 21.54 45.5028 3085.12 659.385 0.0483836
24100000 12.7144 14.1757 16.6016 43.4917 2992.2 626.655 0.0482273
24200000 11.7868 13.9572 20.5212 46.2652 3375.95 692.808 0.0481472
24300000 11.7083 15.4771 21.0301 48.2155 3810.86 752.921 0.0480581
24400000 12.4658 14.6026 18.6166 45.6851 3388.86 685.957 0.047921
24500000 12.9889 14.4769 18.838 46.3039 3542.29 705.442 0.0477768
24600000 9.93893 14.1514 22.0201 46.1105 3097.13 671.123 0.0477983
24700000 11.6804 14.2394 17.3785 43.2983 2890.43 616.77 0.047674
24800000 9.41466 15.5501 20.5103 45.4751 3002.7 658.436 0.0476628
24900000 10.2655 15.2453 19.6218 45.1326 3070.82 657.068 0.0476035
25000000 10.8031 15.1218 17.0641 42.989 2787.62 605.746 0.0474957
25100000 10.6819 12.5509 21.8832 45.116 2933.83 642.476 0.047517
25200000 10.0678 14.7472 20.0027 44.8177 2969.83 644.838 0.0474771
25300000 12.0928 13.5968 18.8629 44.5525 3101.5 649.003 0.0473721
25400000 10.9692 13.4329 19.8852 44.2873 2930.04 632.588 0.0473176
25500000 11.258 12.9126 20.183 44.3536 2934 633.205 0.0472705
25600000 9.67783 15.8664 19.8812 45.4254 3052.8 661.402 0.0472368
25700000 11.3777 14.8588 16.1559 42.3923 2731.27 592.929 0.0471144
25800000 11.3207 12.2409 21.4383 45 2970.84 643.699 0.0471117
25900000 11.1621 14.6489 17.4653 43.2762 2855.78 614.308 0.0470052
26000000 11.3438 15.5128 21.1157 47.9724 3715.84 743.073 0.0469397
26100000 11.4069 12.3682 21.363 45.1381 3013.96 648.991 0.0469304
26200000 9.99628 12.7677 22.8437 45.6077 2915.54 647.645 0.0470017
26300000 9.88227 15.4296 21.2407 46.5525 3238.76 690.119 0.0469925
26400000 9.58093 12.8654 22.2829 44.7293 2746.66 623.433 0.0470577
26500000 8.95551 12.9097 28.2784 50.1436 3269.36 733.927 0.0474039
26600000 10.4721 17.0796 20.161 47.7127 3605.98 734.329 0.0473429
26700000 12.0584 13.8608 20.1084 46.0276 3360.91 688.334 0.0472602
26800000 11.9201 12.7645 20.1496 44.8343 3065.85 649.54 0.0472011
26900000 9.21031 15.69 20.5693 45.4696 2972.47 656.692 0.0472008
27000000 10.9784 12.8661 23.2217 47.0663 3280.07 694.962 0.0472459
27100000 11.8382 14.566 18.9273 45.3315 3263.73 672.195 0.0471436
27200000 12.0448 12.8939 22.5143 47.453 3496.58 716.783 0.0471354
27300000 11.978 15.1927 17.1995 44.3702 3129.93 649.3 0.0470109
27400000 12.3983 14.912 18.1317 45.442 3352.25 680.065 0.0468863
27500000 12.3897 13.4904 24.3023 50.1823 4061.92 796.086 0.0469067
27600000 12.2829 14.1403 19.1791 45.6022 3331.08 680.454 0.0468053
27700000 11.1523 15.6635 18.8803 45.6961 3298.1 680.976 0.0467157
27800000 9.33267 15.9411 19.5661 44.8398 2910.89 643.28 0.0466934
27900000 10.6797 15.4698 21.6019 47.7514 3568.91 730.091 0.0466654
28000000 10.6012 15.2791 20.9484 46.8287 3393.16 704.128 0.0466287
28100000 11.3574 14.4195 18.2673 44.0442 2991.6 634.642 0.0465371
28200000 11.3201 12.422 21.7055 45.4475 3052.17 655.95 0.0465396
28300000 11.1549 16.3359 18.6087 46.0994 3390.96 693.792 0.0464477
28400000 8.92439 14.6258 21.4167 44.9669 2795.44 634.893 0.0464866
28500000 12.7773 13.6668 17.4068 43.8508 3039.64 634.93 0.0463685
28600000 12.167 15.9143 17.1783 45.2597 3326.24 676.02 0.0462453
28700000 10.6079 13.6566 22.1056 46.3702 3202.41 681.251 0.0462568
28800000 10.0921 14.8536 17.5239 42.4696 2626.9 587.05 0.0461897
28900000 10.5915 11.8344 23.4856 45.9116 2943.8 652.033 0.0462786
29000000 9.68312 14.9587 18.4853 43.1271 2677.53 600.357 0.0462343
29100000 11.6157 11.9914 20.2437 43.8508 2819.72 617.185 0.0462057
29200000 10.7484 16.7956 20.3068 47.8508 3665.91 739.857 0.046148
29300000 10.8612 12.6717 21.2295 44.7624 2921.82 637.223 0.0461472
29400000 10.9783 11.8463 24.6671 47.4917 3208.02 693.069 0.0462633
29500000 10.2324 17.9814 19.7806 47.9945 3639.51 742.081 0.0462163
29600000 11.1147 11.7804 21.1988 44.0939 2775.68 616.285 0.0462252
29700000 7.81646 14.0685 23.7448 45.6298 2611.13 629.622 0.0463796
29800000 10.2785 14.0913 20.9672 45.337 3036.83 655.804 0.046368
29900000 13.0782 15.67 18.2296 46.9779 3735.91 729.007 0.0462376
30000000 11.5405 14.1311 20.2841 45.9558 3307.95 683.808 0.0461791
30100000 12.0533 13.652 18.6318 44.337 3065.87 643.485 0.046092
30200000 11.4571 13.8331 21.2899 46.5801 3374.18 696.914 0.046059
30300000 11.1126 15.8315 17.5808 44.5249 3092.96 649.627 0.0459689
30400000 10.4674 15.301 20.4802 46.2486 3280.15 687.904 0.045933
30500000 10.0364 14.2273 20.0843 44.3481 2867.87 630.112 0.0459114
30600000 10.5843 16.0678 19.4031 46.0552 3299.82 687.201 0.0458528
30700000 10.8899 13.3171 22.8041 47.011 3307.08 697.039 0.0458799
30800000 10.6552 15.2454 17.0663 42.9669 2772.29 604.469 0.0458001
30900000 11.8438 14.6881 15.4019 41.9337 2679.34 582.602 0.045693
31000000 9.9127 13.6293 20.4967 44.0387 2769.16 617.636 0.0456897
31100000 10.1307 15.2625 16.8333 42.2265 2602.77 582.072 0.0456218
31200000 8.86461 13.2848 22.9943 45.1436 2707.91 627.073 0.0457186
31300000 9.22899 14.4077 23.3026 46.9392 3098.5 683.763 0.0457962
31400000 11.1184 15.9748 19.288 46.3812 3425.83 700.189 0.045724
31500000 12.7306 14.5212 18.7483 46 3465.85 695.785 0.0456216
31600000 8.7456 15.3383 19.9548 44.0387 2676.79 614.731 0.0456316
31700000 10.9765 15.3051 19.7792 46.0608 3322.83 687.824 0.0455738
31800000 9.32432 18.1506 21.3925 48.8674 3620.51 756.999 0.045586
31900000 12.0991 16.0249 17.76 45.884 3443.43 693.368 0.045481
32000000 11.9175 13.9136 18.2905 44.1215 3032.83 638.277 0.0453971
32100000 12.5606 14.0786 21.2945 47.9337 3765.63 744.104 0.0453396
32200000 11.2447 14.1873 19.2254 44.6575 3067.08 648.474 0.0452784
32300000 10.9698 14.6734 21.6386 47.2818 3483.04 715.847 0.0452591
32400000 8.69461 12.3278 27.1101 48.1326 2905.82 677.108 0.045523
32500000 9.05096 16.4367 23.6284 49.116 3515.14 750.999 0.0455952
32600000 10.3857 15.5893 18.4891 44.4641 2993.49 642.16 0.0455377
32700000 7.97894 17.8667 22.4361 48.2818 3198.43 722.433 0.0456212
32800000 11.1647 15.2392 20.3861 46.7901 3468.53 708.416 0.0455695
32900000 11.6775 13.9086 17.0548 42.6409 2770 598.783 0.0454818
33000000 10.4793 17.1704 18.8695 46.5193 3395.29 701.674 0.0454253
33100000 11.0305 15.0104 17.9481 43.989 2971.7 632.955 0.0453513
33200000 10.6418 16.8989 24.4649 52.0055 4399.62 853.613 0.0453813
33300000 8.57885 16.0676 22.3701 47.0166 3083.53 689.186 0.0454419
33400000 10.6231 14.6553 19.5779 44.8564 3047.99 650.584 0.0453979
33500000 10.4226 13.3165 22.3493 46.0884 3101.92 669.345 0.0454257
33600000 9.82477 15.4471 19.2309 44.5028 2918.56 637.765 0.0453936
33700000 10.6432 14.6996 17.519 42.8619 2740.88 600.433 0.0453268
33800000 12.0248 13.4566 20.8557 46.337 3374.71 693.243 0.0452849
33900000 9.83354 17.3733 19.9036 47.1105 3400.36 712.357 0.0452595
34000000 11.3268 15.514 19.2421 46.0829 3381.29 692.197 0.0451912
34100000 11.9371 14.4157 18.2882 44.6409 3147.04 654.023 0.0451089
34200000 7.00686 17.8018 22.1085 46.9171 2757.69 673.216 0.0452227
34300000 9.8302 17.6649 21.9414 49.4365 3810.11 776.929 0.0452264
34400000 10.3337 15.6669 18.6513 44.6519 3019.6 646.843 0.0451756
34500000 9.21908 14.5903 25.3508 49.1602 3409.92 738.097 0.0453035
34600000 10.3719 15.8064 18.0979 44.2762 2967.02 637.716 0.0452466
34700000 8.3348 17.0025 22.4859 47.8232 3186.53 711.445 0.0453138
34800000 9.7302 15.1722 20.2633 45.1657 2991.45 652.235 0.0453013
34900000 9.63572 15.4801 23.5748 48.6906 3516.46 741.262 0.0453549
35000000 8.52371 14.1196 29.5832 52.2265 3560.37 790.213 0.0456697
35100000 10.5696 14.4549 19.9092 44.9337 3041.78 651 0.0456345
35200000 12.9073 14.9536 18.0341 45.895 3480.78 695.458 0.0455323
35300000 10.3558 16.5789 17.2973 44.232 2969.74 637.587 0.0454716
35400000 11.5355 15.8484 17.7266 45.1105 3240.76 668.243 0.0453884
35500000 9.34671 15.4169 21.7778 46.5414 3138.13 683.395 0.0454118
35600000 10.0016 15.2101 17.9927 43.2044 2737.14 605.752 0.0453648
35700000 9.81695 17.2953 22.9319 50.0442 3893.55 791.524 0.0453863
35800000 9.96907 11.7516 25.8926 47.6133 3033.38 679.557 0.0455519
35900000 10.2937 16.7697 18.8869 45.9503 3260.3 683.765 0.0455044
36000000 10.9861 15.6401 18.8987 45.5249 3247.23 675.023 0.0454429
36100000 10.6652 13.5948 17.7621 42.0221 2575.35 575.9 0.0453878
36200000 11.0874 14.4485 17.5193 43.0552 2806.53 607.569 0.0453185
36300000 10.4343 13.7839 20.1685 44.3867 2900.75 632.271 0.0452977
36400000 8.87405 14.4306 22.8114 46.116 2921.17 659.669 0.0453644
36500000 11.3237 12.5451 21.9324 45.8011 3115.63 665.554 0.0453721
36600000 10.862 11.7077 23.7232 46.2928 3016.84 662.592 0.0454471
36700000 10.4843 14.5988 19.8617 44.9448 3039.98 651.25 0.0454142
36800000 10.5245 16.1569 19.6611 46.3425 3343.25 694.63 0.0453707
36900000 9.95108 12.6531 23.1086 45.7127 2909.64 648.261 0.0454349
37000000 10.4162 14.4126 19.0884 43.9171 2865.62 624.065 0.0453951
37100000 10.3726 14.8416 17.8632 43.0773 2749.96 604.351 0.045342
37200000 12.0143 15.0914 17.9385 45.0442 3252.47 667.548 0.0452585
37300000 10.1538 13.4087 24.3657 47.9282 3317.36 710.265 0.0453376
37400000 8.4587 14.2624 22.8092 45.5304 2751.75 638.894 0.0454165
37500000 10.0121 13.0132 23.3946 46.4199 3048.06 668.956 0.0454796
37600000 10.1537 14.0151 19.798 43.9669 2817.37 620.801 0.045458
37700000 10.3224 17.6645 19.6484 47.6354 3582.7 732.24 0.0454194
37800000 7.11737 16.9164 22.6015 46.6354 2721.24 663.602 0.0455261
37900000 12.4475 14.4126 18.5045 45.3646 3319.73 676.435 0.0454449
38000000 12.1428 14.1928 19.703 46.0387 3395.64 691.233 0.0453821
38100000 11.2735 16.2186 18.9333 46.4254 3461.78 703.357 0.0453168
38200000 10.7978 14.3444 17.2722 42.4144 2675.25 589.148 0.0452548
38300000 11.1743 13.3985 22.3609 46.9337 3347.85 699.189 0.0452617
38400000 9.58794 17.0666 19.8592 46.5138 3249.64 692.973 0.0452453
38500000 10.1673 15.611 18.4703 44.2486 2931.65 634.856 0.045202
38600000 12.9372 13.3575 17.8987 44.1934 3093.04 643.448 0.0451215
38700000 10.669 18.2566 19.4004 48.326 3778.8 755.947 0.0450753
38800000 8.0118 14.7609 28.161 50.9337 3330.36 759.563 0.0453174
38900000 9.97814 16.3485 20.6512 46.9779 3368.79 706.806 0.045301
39000000 10.4246 14.8971 17.9214 43.2431 2783.12 609.096 0.04525
39100000 13.3836 14.5076 15.8105 43.7017 3069.82 635.136 0.0451508
39200000 10.6046 12.5555 24.6023 47.7624 3275.71 702.939 0.0452346
39300000 9.92949 11.908 23.8033 45.6409 2814.53 638.047 0.0453245
39400000 10.851 12.3847 25.6041 48.8398 3440.84 729.315 0.0454317
39500000 9.49412 15.9679 18.6374 44.0994 2825.46 626.148 0.0454053
39600000 9.94763 17.8181 19.6044 47.3702 3474.84 721.579 0.0453782
39700000 11.7845 11.9608 22.4647 46.2099 3166.44 674.382 0.0453964
39800000 10.4824 13.5055 25.9458 49.9337 3673.15 763.956 0.0455014
39900000 11.4028 14.2133 20.6547 46.2707 3347.52 691.162 0.0454659
40000000 10.533 12.6679 24.4013 47.6022 3255.9 699.564 0.0455418
40100000 11.4468 13.5521 17.0894 42.0884 2651.07 582.347 0.0454755
40200000 9.13854 12.0066 27.8549 49 3056.31 698.718 0.0457055
40300000 8.39345 15.3574 22.3265 46.0773 2877.92 659.175 0.0457625
40400000 10.1668 13.4543 21.4452 45.0663 2933.42 643.346 0.0457719
40500000 9.38432 12.2607 30.4544 52.0994 3504.03 774.245 0.0460838
40600000 10.5834 15.2617 18.9835 44.8287 3066.26 652.155 0.0460378
40700000 10.3132 12.9141 22.1981 45.4254 2956.47 648.788 0.0460635
40800000 11.084 12.3051 22.9148 46.3039 3125.34 672.346 0.0460962
40900000 9.49793 14.1724 19.9429 43.6133 2684.49 606.664 0.0460898
41000000 8.85271 14.14 24.3996 47.3923 3054.27 686.189 0.0461865
41100000 10.1082 15.8058 21.6164 47.5304 3453.61 719.935 0.0461808
41200000 10.6332 15.8446 21.2902 47.768 3586.94 732.195 0.0461576
41300000 9.33306 13.5975 21.9976 44.9282 2791.64 631.324 0.0461936
41400000 11.3567 14.5858 25.5603 51.5028 4233.97 828.743 0.0462435
41500000 11.7525 13.6181 18.9001 44.2707 3024.9 639.554 0.0461873
41600000 12.9338 13.7805 19.1697 45.884 3416.69 690.338 0.0461159
41700000 9.09162 14.4334 22.9114 46.4365 3006.51 670.216 0.0461682
41800000 8.53378 16.3129 19.8605 44.7072 2764.8 632.678 0.0461777
41900000 8.29644 14.3165 25.2766 47.8895 3002.25 690.353 0.046309
42000000 11.8177 14.3529 16.4592 42.6298 2791.79 600.366 0.0462325
42100000 9.93695 14.9794 20.498 45.4144 3051.12 659.585 0.0462195
42200000 9.56566 15.491 18.8273 43.884 2789.86 619.931 0.0461937
42300000 9.33771 16.3604 21.1638 46.8619 3233.16 696.637 0.046199
42400000 10.5745 14.4933 18.9875 44.0552 2910 629.233 0.0461583
42500000 8.56799 14.9309 20.037 43.5359 2563.29 598.776 0.0461711
42600000 10.5011 13.8232 20.6592 44.9834 2998.85 647.677 0.0461568
42700000 9.12902 13.9602 23.7174 46.8066 3022.61 675.059 0.0462282
42800000 11.6016 12.7166 18.2176 42.5359 2687.72 590.555 0.0461774
42900000 9.12959 15.8004 21.6059 46.5359 3116.68 682.887 0.0461961
43000000 7.94702 14.6165 23.1879 45.7514 2693.44 639.357 0.0462823
43100000 9.39447 13.8342 27.8155 51.0442 3615.04 776.083 0.0464541
43200000 9.77789 15.6932 20.783 46.2541 3189.09 682.814 0.0464449
43300000 11.6503 14.3789 22.5564 48.5856 3778.62 754.645 0.0464307
43400000 11.5591 13.8132 17.5503 42.9227 2802.23 604.961 0.0463675
43500000 10.6073 14.1703 18.5152 43.2928 2783 609.071 0.0463242
43600000 9.86507 12.6438 19.458 41.9669 2427.03 562.709 0.046315
43700000 9.88947 17.2057 18.5954 45.6906 3164.11 674.002 0.0462814
43800000 9.53196 17.5498 18.7912 45.8729 3143.46 676.182 0.046258
43900000 11.1805 15.1148 18.5776 44.8729 3139.46 657.496 0.0462019
44000000 11.9936 14.2538 18.4211 44.6685 3149.17 654.461 0.0461371
44100000 8.38247 17.5172 20.4097 46.3094 2996.91 675.442 0.0461578
44200000 9.47092 16.3399 19.6753 45.4862 3044.84 662.591 0.0461425
44300000 8.66242 15.9864 19.8982 44.547 2755.51 628.946 0.046149
44400000 10.5233 17.3615 20.8002 48.6851 3800.22 762.712 0.0461199
44500000 10.0176 14.3862 18.0548 42.4586 2601.97 584.72 0.0460832
44600000 11.949 15.1228 16.7459 43.8177 3026.02 634.043 0.0460082
44700000 10.6204 14.2175 17.687 42.5249 2670.65 590.302 0.0459598
44800000 10.4858 14.454 20.0824 45.0221 3043.7 652.41 0.0459351
44900000 11.3987 15.6993 20.5096 47.6077 3670.26 734.725 0.045891
45000000 9.3861 14.0336 23.6687 47.0884 3117.66 686.035 0.0459514
45100000 8.7583 13.0231 22.3346 44.116 2547.49 600.539 0.0460093
45200000 11.8056 13.7482 20.3854 45.9392 3308.67 683.231 0.0459713
45300000 11.3526 13.2659 20.9506 45.5691 3155.2 666.374 0.0459524
45400000 11.2956 16.1434 18.0969 45.5359 3299.96 678.911 0.0458914
45500000 10.5236 11.9163 25.2231 47.663 3163.03 691.406 0.0459884
45600000 10.9883 12.7667 17.3775 41.1326 2437.81 553.089 0.0459415
45700000 10.5574 15.5373 20.4246 46.5193 3350.33 697.009 0.0459142
45800000 10.099 15.7367 18.4461 44.2818 2931.54 635.492 0.0458773
45900000 10.3797 18.495 18.7827 47.6575 3605.78 734.319 0.0458403
46000000 9.45562 12.9805 22.3042 44.7403 2737.59 623.159 0.0458819
46100000 9.41139 14.5849 20.2578 44.2541 2780.68 623.378 0.0458803
46200000 10.0381 14.1004 21.8725 46.011 3095.87 669.512 0.045892
46300000 11.1732 12.8644 23.7856 47.8232 3418.86 715.485 0.0459284
46400000 9.52462 16.1124 20.2028 45.8398 3100.4 671.403 0.0459188
46500000 11.4035 12.641 21.4693 45.5138 3094.83 660.37 0.045914
46600000 10.4939 15.951 18.7208 45.1657 3133.65 662.459 0.0458722
46700000 12.6708 13.6099 20.7082 46.989 3571.11 716.676 0.0458283
46800000 7.73087 17.2945 19.0465 44.0718 2546.54 610.346 0.0458508
46900000 9.41388 16.7624 20.0668 46.2431 3166.53 683.074 0.0458419
47000000 10.1897 15.3901 19.1218 44.7017 2998.7 645.954 0.0458104
47100000 11.6454 14.5274 17.7775 43.9503 3007.55 634.464 0.0457498
47200000 9.64695 13.8681 23.706 47.221 3171.5 691.231 0.0458041
47300000 10.6439 14.4854 21.4453 46.5746 3306.46 693.086 0.0457947
47400000 10.2367 16.7801 19.2981 46.3149 3314.9 693.147 0.0457621
47500000 12.2108 14.0539 20.122 46.3867 3453.14 700.109 0.0457152
47600000 11.2155 14.9 18.0061 44.1215 3009 637.347 0.0456611
47700000 8.97959 11.2515 24.7966 45.0276 2505.28 602.694 0.0457871
47800000 10.7946 14.3914 20.4162 45.6022 3171.65 669.552 0.045763
47900000 11.3156 13.8586 20.8368 46.011 3267.6 681.37 0.0457393
48000000 9.5168 13.2229 28.3487 51.0884 3567.39 770.48 0.045916
48100000 12.1358 13.2143 20.6499 46 3311.55 683.843 0.0458839
48200000 10.1258 12.333 24.8671 47.326 3105.46 683.369 0.0459692
48300000 10.3029 11.8196 23.7008 45.8232 2886.17 646.094 0.0460329
48400000 10.6469 16.0023 17.2679 43.9171 2942.02 630.552 0.0459823
48500000 10.135 14.4711 18.0348 42.6409 2645.06 590.43 0.0459465
48600000 10.8049 14.3607 19.8841 45.0497 3085.34 655.562 0.0459168
48700000 8.58373 15.7187 22.4103 46.7127 3023.71 679.549 0.0459588
48800000 8.86228 13.9188 26.02 48.8011 3209.63 716.117 0.0460789
48900000 10.4695 13.755 21.455 45.6796 3089.7 663.746 0.0460782
49000000 9.92549 15.6741 21.5386 47.1381 3350.82 706.951 0.046077
49100000 12.15 12.8446 20.6629 45.6575 3224.68 672.521 0.046049
49200000 10.1792 15.1488 18.3516 43.6796 2829.85 619.011 0.0460134
49300000 10.6135 15.4283 17.7428 43.7845 2905.34 625.801 0.0459668
49400000 10.2115 13.8404 20.4619 44.5138 2891.91 633.479 0.0459571
49500000 11.5281 14.5555 18.6126 44.6961 3123.13 653.279 0.0459055
49600000 10.1803 15.5212 21.42 47.1215 3384.59 708.538 0.0458987
49700000 13.0509 14.6876 17.8471 45.5856 3421.05 686.739 0.0458248
49800000 10.5165 15.3315 21.4006 47.2486 3450.5 714.397 0.0458124
49900000 9.77256 13.0189 26.2417 49.0331 3338.68 725.314 0.0459245
50000000 11.4508 14.8976 16.8616 43.2099 2876.4 614.864 0.0458646
50100000 12.4255 14.5642 18.4135 45.4033 3332.27 677.946 0.0458014
50200000 9.92274 14.626 20.5563 45.105 2983.32 649.759 0.0457938
50300000 11.3808 12.6986 21.4178 45.4972 3095.31 660.249 0.0457886
50400000 10.0784 13.2843 23.8251 47.1878 3189.82 690.504 0.0458386
50500000 8.20591 15.1887 26.3623 49.7569 3285.72 741.373 0.0459682
50600000 11.5466 15.2649 20.3376 47.1492 3584.68 721.541 0.0459272
50700000 10.5731 13.522 24.8441 48.9392 3551.95 741.591 0.0459835
50800000 9.54098 14.5652 21.7889 45.895 3027.91 664.212 0.0459992
50900000 11.592 14.3398 19.256 45.1878 3200.88 665.571 0.0459539
51000000 11.6541 14.8732 19.5887 46.116 3395.39 692.97 0.0459075
51100000 12.2274 12.9218 21.4419 46.5912 3387.83 697.248 0.0458884
51200000 12.6899 13.8657 19.0522 45.6077 3352.3 681.895 0.0458319
51300000 9.4491 17.9268 20.265 47.6409 3432.73 724.164 0.0458256
51400000 10.9826 15.8889 18.4766 45.3481 3224.18 670.994 0.0457788
51500000 10.1036 15.8386 18.0136 43.9558 2882.65 627.339 0.0457436
51600000 9.46607 15.2971 21.7396 46.5028 3147.96 683.144 0.0457565
51700000 9.42644 18.798 21.0242 49.2486 3725.45 770.594 0.045759
51800000 9.70583 15.0096 21.7376 46.453 3166.75 682.935 0.0457684
51900000 9.54401 17.1217 20.9697 47.6354 3426.64 722.58 0.0457662
52000000 10.8838 14.8048 19.7312 45.4199 3179.35 668.002 0.0457339
52100000 9.60606 15.7755 22.9665 48.3481 3480.35 734.466 0.0457586
52200000 9.7425 15.1604 19.1689 44.0718 2831.25 625.062 0.0457389
52300000 10.2636 15.1236 20.9277 46.3149 3248.46 686.519 0.0457275
52400000 10.147 15.071 19.887 45.105 3041.23 654.435 0.0457078
52500000 12.3296 15.3967 16.5444 44.2707 3140.71 648.551 0.0456399
52600000 8.92566 17.8722 19.8817 46.6796 3171.55 692.308 0.0456422
52700000 10.0187 12.307 26.4202 48.7459 3257.61 713.148 0.0457574
52800000 11.3578 12.7173 22.1459 46.221 3198.76 677.605 0.0457626
52900000 11.1761 15.5711 18.5457 45.2928 3227.38 670.067 0.0457155
53000000 9.61078 11.0145 25.7614 46.3867 2727.06 637.195 0.0458421
53100000 10.5551 14.7221 24.3526 49.6298 3784.24 770.96 0.0458753
53200000 8.62872 15.1108 22.9621 46.7017 2993.96 675.497 0.0459238
53300000 8.96213 15.5623 20.4369 44.9613 2850.36 640.674 0.0459297
53400000 11.575 12.8103 22.1893 46.5746 3290.21 689.371 0.045931
53500000 9.01999 12.0884 28.3943 49.5028 3096.05 708.398 0.046119
53600000 8.45272 19.0884 20.6523 48.1934 3332.22 730.135 0.0461411
53700000 10.1786 18.6183 19.6285 48.4254 3719.77 754.749 0.046117
53800000 9.9489 16.1625 23.4355 49.547 3768.42 772.735 0.0461376
53900000 9.15389 13.4113 23.7166 46.2818 2911.58 657.934 0.0461984
54000000 10.1373 12.6345 27.5265 50.2983 3525.59 754.909 0.0463282
54100000 11.0499 15.055 19.3094 45.4144 3212.26 670.428 0.0462894
54200000 10.9386 14.283 18.5629 43.7845 2900.2 624.423 0.0462503
54300000 11.8139 15.9017 17.4557 45.1713 3279.24 671.655 0.0461903
54400000 10.4976 15.6032 21.9047 48.0055 3587.91 735.527 0.0461829
54500000 12.7869 13.3238 20.2097 46.3204 3443.14 698.061 0.0461416
54600000 11.1411 15.5266 17.056 43.7238 2950.42 627.829 0.0460897
54700000 8.98645 16.5766 22.0281 47.5912 3281.41 712.07 0.0461107
54800000 10.8299 13.5613 21.4431 45.8343 3149.28 669.889 0.0461058
54900000 7.94486 15.7134 25.944 49.6022 3238.86 738.629 0.0462185
55000000 10.5415 14.8068 20.1655 45.5138 3147.55 667.247 0.0461962
55100000 9.51576 13.1079 25.3708 47.9945 3164.54 698.712 0.0462827
55200000 9.5614 12.8003 26.9753 49.337 3301.48 725.603 0.0464064
55300000 10.5248 13.2249 20.3608 44.1105 2834 622.752 0.0463955
55400000 10.1771 13.9864 23.1956 47.3591 3301.69 702.829 0.0464214
55500000 9.77278 14.5349 20.8912 45.1989 2967.52 649.863 0.0464201
55600000 9.41512 14.166 22.7448 46.326 3033.59 669.724 0.0464518
55700000 11.1598 14.7248 19.6292 45.5138 3225.58 672.42 0.0464162
55800000 12.1339 16.4968 18.6842 47.3149 3740.03 735.113 0.0463565
55900000 10.8506 15.4938 18.8711 45.2155 3172.55 665.264 0.0463175
56000000 9.8262 15.9975 21.0106 46.8343 3302.75 699.765 0.0463113
56100000 10.9617 13.4553 16.7046 41.1215 2463.8 555.368 0.0462663
56200000 11.3085 16.9038 18.4506 46.663 3526.97 711.693 0.0462172
56300000 10.184 12.3576 24.1601 46.7017 3040.54 670.456 0.046275
56400000 10.7222 12.4822 24.1878 47.3923 3237.23 695.102 0.0463225
56500000 11.3672 12.1952 22.9735 46.5359 3184.71 679.936 0.0463438
56600000 10.6181 15.4259 20.4311 46.4751 3346.49 695.902 0.0463206
56700000 8.91451 14.8385 24.0647 47.8177 3183.22 703.886 0.046378
56800000 10.1919 12.6212 22.441 45.2541 2886.68 640.584 0.0464039
56900000 10.387 15.222 19.1037 44.7127 3020.5 647.337 0.0463744
57000000 11.7605 13.8179 19.9796 45.558 3246.79 673.552 0.0463401
57100000 10.2657 15.5235 20.5975 46.3867 3282.42 690.554 0.0463239
57200000 11.551 16.1574 16.4905 44.1989 3077.69 643.559 0.0462681
57300000 8.98807 15.7894 19.7418 44.5193 2801.69 631.07 0.0462656
57400000 11.5576 14.6613 19.5159 45.7348 3306.96 681.135 0.0462257
57500000 9.40158 14.3135 22.2738 45.989 2997.39 662.796 0.0462494
57600000 10.8447 14.5611 20.1411 45.547 3180.51 669.614 0.0462246
57700000 9.57434 13.2945 25.0538 47.9227 3189 700.238 0.046298
57800000 7.87848 19.129 20.2522 47.2597 3052.16 697.668 0.0463283
57900000 12.4177 12.8047 19.6891 44.9116 3130.69 655.614 0.046293
58000000 11.2302 15.6288 18.1189 44.9779 3180.14 662.17 0.0462465
58100000 11.0674 14.0928 22.1492 47.3094 3454.62 713.249 0.0462424
58200000 8.35176 14.3134 25.7492 48.4144 3078.12 703.152 0.0463447
58300000 11.8207 16.2822 16.886 44.989 3250.01 667.014 0.0462873
58400000 10.2171 13.7711 25.4427 49.4309 3579.82 751.027 0.0463497
58500000 11.4562 14.5269 21.7019 47.6851 3611.72 730.309 0.0463316
58600000 9.10603 15.1955 22.472 46.7735 3109.46 684.473 0.0463582
58700000 9.61202 13.2096 27.0347 49.8564 3432.63 743.948 0.0464696
58800000 10.4637 14.109 19.8196 44.3923 2926.01 634.652 0.0464496
58900000 10.8676 15.4678 18.8414 45.1768 3167.2 664.294 0.0464122
59000000 10.8128 14.4911 18.4365 43.7403 2888.79 623.203 0.046376
59100000 9.61232 15.1304 18.8319 43.5746 2738.87 611.39 0.0463573
59200000 11.2916 14.3483 16.78 42.4199 2718.61 592.252 0.0463088
59300000 8.97969 12.7514 25.1529 46.884 2880.09 661.103 0.0463988
59400000 8.72285 16.8954 19.9729 45.5912 2943.53 659.047 0.0464027
59500000 7.74998 19.6499 24.1361 51.5359 3675.59 813.611 0.0464756
59600000 10.8916 14.6252 21.7926 47.3094 3471.38 715.369 0.0464662
59700000 12.0976 14.8582 17.0276 43.9834 3060.69 638.742 0.0464096
59800000 12.2414 15.1367 16.7876 44.1657 3110.66 644.908 0.0463507
59900000 10.2554 15.9546 19.3647 45.5746 3168.44 671.166 0.0463249
60000000 9.60651 15.3931 20.575 45.5746 3042.5 662.24 0.0463202
60100000 10.6002 14.1673 18.7684 43.5359 2818.57 615.023 0.0462908
60200000 12.2372 13.7992 20.0962 46.1326 3393.51 692.096 0.0462542
60300000 10.4237 16.6267 18.1209 45.1713 3140.56 663.489 0.0462195
60400000 8.07302 13.3536 31.358 52.7845 3380.5 779.697 0.0464682
60500000 8.60463 15.0923 23.9053 47.6022 3104.42 696.345 0.0465241
60600000 12.4489 14.5734 17.8396 44.8619 3236.51 663.489 0.0464684
60700000 9.10853 16.95 23.5879 49.6464 3641.72 769.055 0.0465019
60800000 10.8782 14.3183 21.8975 47.0939 3410.68 707.495 0.0464958
60900000 9.76528 12.8 23.1088 45.674 2888.49 646.451 0.0465344
61000000 12.433 14.2082 16.1377 42.779 2850.76 606.581 0.0464765
61100000 9.46007 14.3462 27.6247 51.4309 3749.11 793.357 0.0465862
61200000 11.1078 12.3818 19.6043 43.0939 2696.28 598.033 0.0465681
61300000 8.87104 15.3979 19.0349 43.3039 2600.08 598.553 0.0465621
61400000 9.45677 15.8502 18.809 44.116 2819.32 625.892 0.0465451
61500000 10.3219 12.7642 23.378 46.4641 3080.07 671.457 0.0465789
61600000 11.4258 14.6588 21.606 47.6906 3618.76 731.073 0.04656
61700000 11.7133 14.3893 19.2234 45.326 3240.02 670.326 0.04652
61800000 9.28371 10.5252 28.5999 48.4088 2794.59 664.247 0.0467045
61900000 9.7695 15.2073 20.9459 45.9227 3111.88 671.728 0.0467009
62000000 10.5917 13.8442 23.6248 48.0608 3464.21 723.929 0.0467238
62100000 11.4789 14.3797 17.3513 43.2099 2864.07 613.745 0.0466772
62200000 11.6686 15.0471 19.2291 45.9448 3376.21 689.296 0.0466351
62300000 8.97406 15.4177 21.4315 45.8232 2965.24 661.11 0.0466491
62400000 9.34905 14.3239 23.6088 47.2818 3161.57 692.805 0.0466891
62500000 12.3208 13.391 18.3711 44.0829 3031 637.341 0.0466442
62600000 9.66646 14.2328 19.62 43.5193 2699.35 606.486 0.0466338
62700000 9.89328 15.4848 20.6661 46.0442 3165.95 677.662 0.0466249
62800000 11.4569 14.3966 18.3177 44.1713 3021.34 638.519 0.0465832
62900000 10.9077 15.6892 19.9168 46.5138 3408.45 700.862 0.0465533
63000000 9.98892 13.4312 20.3368 43.7569 2728.45 610.453 0.046549
63100000 11.6224 15.347 18.7378 45.7072 3342.24 683.716 0.0465047
63200000 10.1407 15.2517 18.2872 43.6796 2828.35 619.018 0.0464764
63300000 10.7818 14.2628 21.7675 46.8122 3347.39 698.939 0.0464709
63400000 10.4384 15.7888 17.6678 43.895 2911.84 628.188 0.0464357
63500000 9.89629 11.1265 22.3584 43.3812 2461.91 580.148 0.0464759
63600000 10.5434 12.1143 22.4803 45.1381 2871.34 637.082 0.0464993
63700000 11.3081 13.3322 17.0669 41.7072 2573.04 571.295 0.0464583
63800000 10.5411 16.5737 17.8741 44.989 3122.71 659.359 0.0464227
63900000 12.4476 15.3856 17.4761 45.3094 3346.93 677.932 0.0463664
64000000 8.62424 15.4117 22.4115 46.4475 2978.82 671.598 0.0463978
64100000 9.82171 14.014 21.8273 45.663 3004.34 657.91 0.0464086
64200000 12.7212 14.7252 16.1006 43.547 3015.99 629.225 0.0463502
64300000 11.1931 13.5937 23.7546 48.5414 3614.41 740.957 0.0463679
64400000 12.0752 14.4627 16.4399 42.9779 2871.08 610.923 0.0463156
64500000 11.8132 13.5824 22.3999 47.7956 3594.12 729.313 0.0463088
64600000 10.8221 17.1116 18.7237 46.6575 3467.33 708.207 0.0462733
64700000 9.01045 15.3769 23.9386 48.326 3316.76 722.352 0.0463173
64800000 11.2491 13.165 19.5472 43.9613 2894.84 625.323 0.0462933
64900000 11.994 17.0062 18.1932 47.1934 3710.9 731.578 0.0462419
65000000 8.01988 13.7341 25.1907 46.9448 2774.66 658.146 0.0463346
65100000 11.2057 14.1326 19.8772 45.2155 3147.86 662.019 0.0463082
65200000 10.1455 17.3415 19.5572 47.0442 3440.86 713.507 0.0462866
65300000 11.3106 16.04 20.1135 47.4641 3649.03 731.538 0.0462532
65400000 9.92148 12.6924 25.6624 48.2762 3231.59 706.253 0.0463284
65500000 10.3087 12.3443 25.1481 47.8011 3200.18 696.933 0.046392
65600000 13.1985 14.3088 17.9292 45.4365 3386 682.037 0.0463363
65700000 8.98147 10.9401 28.1999 48.1215 2770.88 660.047 0.0465003
65800000 9.58199 14.879 18.539 43 2643.11 596.053 0.0464823
65900000 11.3185 16.2997 18.1718 45.7901 3352.49 686.362 0.0464394
66000000 11.04 14.746 18.3466 44.1326 2986.75 635.881 0.0464033
66100000 9.6093 15.6803 21.2463 46.5359 3201.33 687.988 0.0464042
66200000 11.048 14.1525 19.9487 45.1492 3119.11 659.073 0.0463804
66300000 11.3918 15.9687 19.8164 47.1768 3604.82 724.096 0.0463448
66400000 10.9309 14.3422 20.4507 45.7238 3206.11 673.625 0.0463256
66500000 9.09496 13.5732 25.8678 48.5359 3193.31 709.822 0.0464087
66600000 11.9059 13.4923 22.0217 47.4199 3537.52 719.949 0.0463977
66700000 9.04819 13.5263 23.3758 45.9503 2860.93 650.085 0.0464425
66800000 9.66627 14.3006 20.0662 44.0331 2773.83 619.16 0.0464364
66900000 9.96551 11.1706 24.886 46.0221 2770.33 637.314 0.0465124
67000000 10.57 14.3246 19.4369 44.3315 2942.96 635.285 0.0464899
67100000 11.8035 14.9122 20.1296 46.8453 3543.13 713.792 0.0464554
67200000 9.35767 14.6768 22.0871 46.1215 3033.45 668.192 0.0464722
67300000 11.7024 16.0106 17.1876 44.9006 3220.3 663.681 0.046424
67400000 10.0531 14.6683 18.7206 43.442 2760.58 610.261 0.0464021
67500000 12.0281 15.451 17.5872 45.0663 3268.51 669.127 0.0463527
67600000 9.49682 17.3623 17.7597 44.6188 2928.33 641.896 0.0463337
67700000 9.318 14.8594 21.7011 45.8785 3004.72 663.135 0.0463462
67800000 9.90296 14.0183 21.9682 45.8895 3049.69 664.331 0.0463568
67900000 9.21817 15.5808 18.0961 42.895 2599.07 592.39 0.0463412
68000000 9.2796 16.5867 21.5647 47.4309 3319.18 711.715 0.0463483
68100000 11.4318 13.9984 20.4317 45.8619 3269.62 679.609 0.0463254
68200000 9.17499 15.0037 19.4732 43.6519 2680.66 608.496 0.0463197
68300000 12.4739 15.043 15.903 43.4199 2984.12 625.246 0.0462659
68400000 10.3008 13.8134 19.6206 43.7348 2791.8 615.425 0.0462507
68500000 10.452 15.1659 21.3047 46.9227 3377.11 704.297 0.0462417
68600000 12.0033 14.93 19.4424 46.3757 3484.25 702.857 0.0462022
68700000 10.904 13.1904 21.1653 45.2597 3044.15 653.792 0.046197
68800000 11.1719 13.5814 18.7384 43.4917 2843.18 615.568 0.0461677
68900000 10.1323 15.5165 18.7767 44.4254 2952.01 638.815 0.0461445
69000000 11.198 13.9546 20.5269 45.6796 3207.62 672.57 0.0461257
69100000 9.94342 12.8834 24.477 47.3039 3135.64 686.838 0.0461763
69200000 9.24017 14.1309 27.5847 50.9558 3601.8 775.257 0.0462793
69300000 12.7137 14.7917 16.4227 43.9282 3088.43 639.773 0.0462254
69400000 9.55671 16.7978 20.1593 46.5138 3236.21 691.82 0.0462173
69500000 12.4739 14.8717 22.0909 49.4365 4098.03 789.596 0.0461916
69600000 10.2873 14.7722 16.7305 41.7901 2542.48 571.225 0.0461591
69700000 8.22605 15.4541 21.9883 45.6685 2795.3 647.814 0.0461902
69800000 11.2162 16.657 17.6019 45.4751 3288.54 677.451 0.0461496
69900000 12.2166 13.8281 16.9387 42.9834 2861.5 610.097 0.0461037
70000000 13.157 14.9289 16.8092 44.895 3301.64 668.519 0.0460477
70100000 9.8386 14.4356 24.0683 48.3425 3418.33 726.266 0.0460818
70200000 10.1487 14.2086 22.5599 46.9171 3253.09 693.695 0.0460944
70300000 12.1891 13.7562 20.0104 45.9558 3355.28 686.855 0.0460634
70400000 12.2438 13.3052 18.9372 44.4862 3084.99 646.732 0.0460283
70500000 9.27284 11.9799 31.0787 52.3315 3452.47 771.597 0.0462279
70600000 9.24069 15.5976 23.9683 48.8066 3454.62 739.466 0.0462637
70700000 10.3371 13.1451 23.4901 46.9724 3191.91 687.484 0.0462917
70800000 8.95701 13.2206 31.5185 53.6961 3732.33 817.423 0.0464902
70900000 11.6058 14.0171 20.5373 46.1602 3341.01 688.906 0.0464669
71000000 9.01323 15.2291 19.0505 43.2928 2614.93 599.092 0.0464601
71100000 10.0251 14.8098 20.911 45.7459 3104.64 667.791 0.0464549
71200000 9.32971 15.5577 20.4275 45.3149 2965.03 653.536 0.0464532
71300000 8.45937 15.2416 20.951 44.6519 2701.3 625.492 0.0464695
71400000 10.9371 13.1543 22.8312 46.9227 3284.73 693.907 0.0464813
71500000 10.7736 16.4034 18.3976 45.5746 3251.28 676.715 0.0464485
71600000 10.6037 14.4513 23.2598 48.3149 3564.3 736.015 0.0464602
71700000 9.82712 15.1535 21.4006 46.3812 3186.87 683.515 0.0464607
71800000 10.3995 14.9435 19.088 44.4309 2966.36 639.15 0.0464377
71900000 8.96543 14.1354 19.2251 42.326 2436.4 570.847 0.0464349
72000000 10.293 15.2529 16.2828 41.8287 2556.37 572.958 0.0464017
72100000 8.29367 13.2752 31.9891 53.558 3522.01 800.071 0.0466213
72200000 10.4722 12.5982 22.3385 45.4088 2947.12 647.287 0.046637
72300000 12 13.6608 20.516 46.1768 3363.18 690.387 0.0466119
72400000 11.4852 12.9515 18.37 42.8066 2732.53 597.651 0.046582
72500000 10.3838 13.9664 18.252 42.6022 2646.98 589.464 0.0465572
72600000 12.5477 15.9755 17.311 45.8343 3470.1 694.223 0.0465053
72700000 8.46936 16.441 27.4266 52.337 3819.02 822.453 0.0465991
72800000 10.4077 13.9738 20.7235 45.105 3013.92 650.705 0.0465911
72900000 12.4376 15.7593 18.8805 47.0773 3700.71 728.378 0.0465443
73000000 11.0083 15.128 21.0515 47.1878 3505.79 716.743 0.0465268
73100000 9.94192 16.2956 19.5028 45.7403 3159.64 673.715 0.0465098
73200000 10.1105 13.9065 21.1322 45.1492 2971.22 648.133 0.0465093
73300000 11.104 13.8195 19.4466 44.3702 2984.13 638.131 0.0464853
73400000 10.0003 14.1066 22.3129 46.4199 3147.71 678.968 0.0464967
73500000 11.1506 15.819 21.0636 48.0331 3715.42 744.466 0.0464752
73600000 14.0818 14.8362 16.6621 45.5801 3481.05 690.755 0.0464166
73700000 9.32986 13.6578 23.272 46.2597 2965.44 662.394 0.0464508
73800000 12.4258 12.6163 21.1347 46.1768 3313.24 686.025 0.046435
73900000 10.4837 15.7129 18.5769 44.7735 3060.15 651.38 0.0464078
74000000 10.3242 15.2774 19.3211 44.9227 3047.44 652.376 0.0463869
74100000 9.86972 15.5101 21.8744 47.2541 3348.53 708.247 0.0463898
74200000 9.86083 15.4529 20.631 45.9448 3143.72 674.627 0.0463829
74300000 9.71403 17.7412 19.7824 47.2376 3409.26 715.467 0.0463711
74400000 8.63319 13.2368 24.9145 46.7845 2847.13 659.157 0.0464408
74500000 10.3797 14.6248 19.2441 44.2486 2921.28 632.991 0.0464206
74600000 6.37866 18.2324 25.842 50.453 3005.37 752.296 0.0465285
74700000 10.35 17.1638 18.5415 46.0552 3293.8 687.791 0.0465026
74800000 9.07455 17.7825 21.7838 48.6409 3515.22 746.418 0.0465131
74900000 9.78476 12.7751 20.4677 43.0276 2558.5 586.751 0.0465162
75000000 11.5161 13.7736 20.0695 45.3591 3183.37 666.167 0.0464931
75100000 10.6328 13.0271 21.6605 45.3204 3000.3 651.001 0.0464965
75200000 9.72581 14.2206 19.037 42.9834 2632.95 594.175 0.0464834
75300000 8.2069 14.5848 26.479 49.2707 3169.43 723.197 0.0465744
75400000 9.61863 15.2222 22.3802 47.221 3276.83 702.359 0.0465863
75500000 11.3653 16.6154 18.5331 46.5138 3499.77 707.408 0.0465491
75600000 9.99534 13.9222 22.2592 46.1768 3097.54 671.544 0.0465606
75700000 9.87148 16.384 18.8716 45.1271 3052.18 657.217 0.0465419
75800000 11.1706 15.0909 19.0258 45.2873 3207.26 668.22 0.0465112
75900000 12.0371 13.602 17.2339 42.8729 2821.67 605.588 0.0464713
76000000 9.52481 15.5097 20.7335 45.768 3062.89 666.778 0.0464694
76100000 10.9884 14.7627 20.7571 46.5083 3367.21 696.739 0.0464522
76200000 9.94252 16.8292 20.2725 47.0442 3392.08 710.054 0.04644
76300000 10.2782 14.7259 19.2998 44.3039 2921.13 633.929 0.0464213
76400000 10.7747 13.8411 22.7985 47.4144 3400.04 710.339 0.0464292
76500000 13.2954 14.3413 15.7225 43.3591 2997.84 625.189 0.0463781
76600000 7.39899 12.659 32.3563 52.4144 3030.63 742.668 0.0466196
76700000 9.4182 15.1154 19.2619 43.7956 2742.13 614.926 0.0466096
76800000 10.2835 12.0942 22.3516 44.7293 2779.88 624.548 0.0466304
76900000 10.8947 16.8698 17.1803 44.9448 3157.58 660.792 0.0465957
77000000 12.6786 14.2795 17.9756 44.9337 3254.38 665.632 0.0465516
77100000 8.97884 11.2866 30.0715 50.337 3047.48 710.755 0.0467253
77200000 9.68363 12.2801 22.6551 44.6188 2694.05 616.505 0.0467548
77300000 12.3368 13.4793 18.4767 44.2928 3072.52 643.288 0.0467183
77400000 10.9003 13.7296 20.9889 45.6188 3141.13 666.611 0.0467086
77500000 9.67803 14.7508 24.2673 48.6961 3464.37 735.581 0.0467413
77600000 7.62341 12.8007 27.9903 48.4144 2731.43 669.261 0.0468792
77700000 10.6931 13.4692 22.1527 46.3149 3190.58 679.285 0.0468833
77800000 10.251 14.0329 20.8432 45.1271 2998.32 650.005 0.0468778
77900000 11.1924 14.6129 19.3936 45.1989 3171.89 664.011 0.0468506
78000000 12.532 14.807 17.556 44.895 3257.72 665.526 0.0468049
78100000 9.47471 15.6511 19.7913 44.9171 2934.85 645.563 0.0467967
78200000 9.59136 17.3058 19.5173 46.4144 3239.58 690.943 0.046785
78300000 8.72744 16.6528 20.0562 45.4365 2914.9 654.368 0.0467879
78400000 9.36879 14.3394 25.1813 48.8895 3382.93 731.346 0.0468387
78500000 10.5019 15.0277 17.0174 42.547 2685.67 592.266 0.0468078
78600000 9.16664 14.8599 24.9017 48.9282 3391.98 734.515 0.0468549
78700000 10.4732 12.9937 19.9309 43.3978 2712.3 603.801 0.0468451
78800000 9.8061 15.9815 18.7262 44.5138 2934.7 639.62 0.046827
78900000 9.30018 16.0366 21.1549 46.4917 3155.12 685.141 0.0468299
79000000 11.0948 13.4484 21.1088 45.6519 3149.57 667.283 0.0468207
79100000 9.15657 14.5661 20.7138 44.4365 2762.72 624.762 0.0468254
79200000 11.0625 13.0624 19.5437 43.6685 2824.1 615.99 0.0468073
79300000 10.171 13.8163 21.3277 45.3149 2997.07 652.117 0.0468079
79400000 13.5159 14.7871 17.2108 45.5138 3439.77 686.979 0.0467565
79500000 11.7739 14.265 19.0606 45.0994 3201.31 664.27 0.0467245
79600000 10.6615 15.8973 19.5131 46.0718 3307.24 687.731 0.0467009
79700000 11.6805 11.8869 20.7641 44.3315 2882.99 628.201 0.0466943
79800000 12.7911 15.3902 17.1833 45.3646 3382.67 681.107 0.046646
79900000 9.26362 17.6268 21.745 48.6354 3550.69 748.018 0.0466526
80000000 10.8974 13.096 18.9072 42.9006 2698.28 596.359 0.0466322
