# Radius of Gyration Tensor of DendrimerRGTensorAnalyzer: whole Molecule with endgroups
# time    R_1   R_2   R_3   Tr   D   M   <A>
100000 12.3104 40.8946 56.1596 109.365 28272.4 3491.4 0.124276
200000 15.9058 33.1198 73.4716 122.497 38704.7 4128.79 0.15225
300000 20.6149 36.1124 94.1402 150.867 70082.8 6084.76 0.173191
400000 20.5539 31.2287 34.7533 86.5359 22307.2 2441.49 0.15339
500000 21.2382 33.9368 83.162 138.337 59939.5 5309.22 0.156979
600000 29.1202 44.888 60.5996 134.608 79212.5 5792.01 0.134738
700000 18.0693 27.5552 38.7291 84.3536 19283.3 2264.9 0.128459
800000 21.928 38.1581 91.5272 151.613 76583.5 6336.24 0.136687
900000 14.5962 30.9715 95.808 141.376 43311.6 4817.82 0.156068
1000000 12.7989 46.2523 97.2693 156.32 57581.4 6335.84 0.165623
1100000 13.1624 42.5575 87.7276 143.448 49141.4 5448.33 0.16997
1200000 14.5521 39.4145 97.0666 151.033 55673.7 5811.91 0.177024
1300000 19.2908 35.7754 57.5803 112.646 39738.1 3860.86 0.171961
1400000 18.501 42.3694 93.776 154.646 73508.9 6492.06 0.173273
1500000 18.2752 54.9921 76.2188 149.486 76599.4 6589.35 0.168504
1600000 17.3275 41.1065 90.7318 149.166 64625.7 6014.09 0.170067
1700000 11.9128 44.6565 67.1434 123.713 35719.3 4330.24 0.169133
1800000 23.4657 45.5336 85.7134 154.713 91582.8 6982.64 0.165947
1900000 20.4721 41.1459 61.7798 123.398 52039.8 4649.09 0.162364
2000000 26.6377 32.1216 50.0418 108.801 42818.1 3796.07 0.158272
2100000 16.1848 50.7213 71.7569 138.663 58906.2 5621.89 0.156475
2200000 19.5937 33.5525 56.1743 109.32 36929.9 3642.86 0.154307
2300000 24.7811 40.0327 62.0867 126.901 61593.4 5016.13 0.150796
2400000 24.7229 38.8867 66.6611 130.271 64087.5 5201.68 0.147982
2500000 13.392 45.8169 81.5148 140.724 50016 5439.99 0.149227
2600000 18.5843 60.421 74.4035 153.409 83546.5 7001.16 0.147128
2700000 14.006 33.1271 69.6515 116.785 32316.7 3746.86 0.147942
2800000 28.4062 29.5829 59.011 117 49589 4262.32 0.145672
2900000 18.3751 36.5989 49.4846 104.459 33278.7 3392.87 0.143978
3000000 13.4363 49.4093 73.9555 136.801 49097.4 5311.65 0.144141
3100000 28.3083 59.2892 77.6898 165.287 130393 8483.81 0.14039
3200000 30.4506 31.6105 82.3036 144.365 79222 6070.41 0.139873
3300000 17.8983 41.7174 102.594 162.21 76604.2 6862.9 0.143284
3400000 23.3551 38.328 64.6484 126.331 57870.2 4882.87 0.141697
3500000 25.6168 49.1843 73.6409 148.442 92783.5 6768.36 0.139511
3600000 26.1751 44.5284 67.3131 138.017 78455.7 5924.8 0.137402
3700000 19.3855 53.0568 59.0052 131.448 60688.8 5303.01 0.13591
3800000 16.1365 64.1321 71.7314 152 74232.3 6792.64 0.135315
3900000 16.0012 25.904 60.465 102.37 25062.4 2948.29 0.135622
4000000 15.1793 50.2972 72.0429 137.519 55003 5480.59 0.135491
4100000 19.4959 62.455 83.5408 165.492 101721 8063.86 0.134808
4200000 13.2802 24.7178 95.9081 133.906 31482.4 3972.57 0.139471
4300000 24.8282 37.2902 81.5778 143.696 75528.5 5993.32 0.139204
4400000 23.8325 31.9029 46.3806 102.116 35264.4 3345.37 0.137883
4500000 15.3426 51.81 68.8584 136.011 54735.7 5418.93 0.137507
4600000 20.626 32.6758 116.444 169.746 78479.7 6880.64 0.142463
4700000 17.1096 24.6268 86.2471 127.983 36340.5 4020.99 0.144753
4800000 24.47 27.9502 103.315 155.735 70661.1 6099.71 0.147499
4900000 29.4484 50.8373 64.09 144.376 95947.6 6642.59 0.14513
5000000 24.9608 32.0147 76.2179 133.193 60906.6 5141.66 0.144851
5100000 26.7046 32.1379 70.8701 129.713 60823 5028.41 0.144113
5200000 15.4904 23.538 108.668 147.696 39621.6 4605.74 0.149131
5300000 14.7532 32.6889 92.8507 140.293 44778.8 4887.3 0.151243
5400000 21.5372 49.2279 71.7322 142.497 76052.5 6136.36 0.150077
5500000 10.5994 30.4133 106.28 147.293 34260.6 4681.19 0.154349
5600000 23.38 48.8168 53.9192 126.116 61540 5034.13 0.152768
5700000 26.4062 34.8445 57.2797 118.53 52703.6 4428.53 0.151462
5800000 22.1869 28.0926 84.9415 135.221 52943 4894.1 0.152235
5900000 8.19317 53.3881 80.59 142.171 35251.5 5400.25 0.153087
6000000 12.8503 50.8417 87.435 151.127 57124.1 6222.25 0.153691
6100000 27.7476 41.0297 86.4382 155.215 98407.8 7083.46 0.152938
6200000 30.0824 37.8843 54.1769 122.144 61742.8 4821.88 0.151361
6300000 24.2273 48.6151 72.5553 145.398 85456.7 6462.92 0.150135
6400000 21.7086 44.0991 82.8553 148.663 79319.8 6409.84 0.149763
6500000 18.1247 45.9493 86.6056 150.68 72126.5 6381.98 0.149892
6600000 28.6437 56.3793 77.1482 162.171 124588 8174.29 0.148162
6700000 14.417 28.6719 46.331 89.4199 19151.5 2409.71 0.14783
6800000 14.0087 33.3958 44.6618 92.0663 20894.2 2585 0.14741
6900000 16.1941 42.1497 75.4021 133.746 51467.6 5081.82 0.147415
7000000 19.3785 23.1988 55.3177 97.895 24868.5 2804.84 0.147227
7100000 10.4216 51.8357 92.0411 154.298 49721.6 6270.44 0.148357
7200000 17.5548 39.7472 60.709 118.011 42360 4176.5 0.147855
7300000 27.1476 35.1191 50.2139 112.481 47874 4080.06 0.146771
7400000 22.0278 39.9721 90.0774 152.077 79313.1 6465.29 0.147018
7500000 17.4691 31.4738 53.814 102.757 29588 3183.63 0.146623
7600000 16.7134 32.2552 102.341 151.309 55171.3 5550.58 0.148681
7700000 18.0786 24.6411 77.9764 120.696 34736.7 3776.61 0.149437
7800000 16.9932 47.2334 49.5026 113.729 39733.2 3982.04 0.148777
7900000 31.8357 43.1052 68.1474 143.088 93517.8 6479.32 0.147391
8000000 14.1257 38.5762 57.4251 110.127 31291.9 3571.33 0.147136
8100000 15.9592 24.0544 70.7986 110.812 27178.8 3216.79 0.147693
8200000 19.6265 26.9596 84.1929 130.779 44548.4 4451.34 0.148513
8300000 26.3579 39.9414 56.7172 123.017 59710.4 4813.09 0.147482
8400000 21.1914 29.5308 58.0733 108.796 36342.3 3571.41 0.147072
8500000 19.5548 28.7027 99.7315 147.989 55976.7 5374.06 0.148731
8600000 23.3781 34.5893 65.4359 123.403 52913.6 4601.78 0.14819
8700000 12.0799 42.4017 66.2643 120.746 33941.1 4122.39 0.148223
8800000 12.203 32.306 71.0656 115.575 28016.2 3557.29 0.148669
8900000 23.454 34.8803 81.8978 140.232 66999.1 5595.53 0.148641
9000000 27.5297 33.906 57.2493 118.685 53437.9 4450.58 0.1478
9100000 24.4337 36.5266 81.5536 142.514 72784.8 5864 0.147627
9200000 21.8313 23.8815 28.8231 74.5359 15027.3 1838.95 0.147152
9300000 27.8431 46.7134 102.471 177.028 133279 8940.54 0.147096
9400000 25.2703 46.5583 59.1327 130.961 69572.2 5423.96 0.146124
9500000 22.7114 78.8604 88.4448 190.017 158407 10774.5 0.14526
9600000 20.4896 49.0344 76.9511 146.475 77312.6 6354.65 0.144845
9700000 26.6432 43.0215 66.1695 135.834 75845.6 5755.91 0.144003
9800000 19.7059 57.1303 61.3075 138.144 69020.1 5836.43 0.143346
9900000 27.5814 59.0688 80.626 167.276 131356 8615.46 0.142313
10000000 24.6433 45.434 78.2983 148.376 87666.4 6606.59 0.141802
10100000 26.8434 35.4862 81.6814 144.011 77807.4 6043.74 0.141623
10200000 24.9636 48.646 70.6059 144.215 85742.2 6411.65 0.140887
10300000 25.1194 46.261 68.1113 139.492 79148.7 6023.86 0.140173
10400000 22.18 53.6215 63.8505 139.652 75938.8 6029.28 0.139486
10500000 17.4599 31.2785 88.4107 137.149 48282.9 4855.12 0.140323
10600000 16.0025 38.0848 75.7856 129.873 46187.7 4708.49 0.140514
10700000 24.2242 63.9847 67.9734 156.182 105357 7545.84 0.139669
10800000 18.6323 45.2398 87.9235 151.796 74112.5 6458.78 0.139893
10900000 20.2843 51.541 83.661 155.486 87465 7054.44 0.13971
11000000 24.7326 47.5579 50.0244 122.315 58840.2 4792.52 0.138971
11100000 18.1698 29.0041 60.1078 107.282 31676.8 3362.52 0.138885
11200000 17.7269 26.1816 90.0859 133.994 41810.7 4419.66 0.139949
11300000 31.2544 41.9952 48.0874 121.337 63116.4 4834.92 0.139065
11400000 16.6104 33.9961 69.5095 120.116 39251.3 4082.32 0.139148
11500000 14.0207 43.4822 59.254 116.757 36124.3 4016.93 0.138999
11600000 20.0283 42.0632 70.5715 132.663 59453.2 5224.34 0.138755
11700000 14.7875 33.7502 68.5176 117.055 34195.8 3824.76 0.138907
11800000 20.4226 31.9463 62.8245 115.193 40988.3 3942.47 0.138721
11900000 26.6873 43.1594 80.5842 150.431 92817.6 6780.35 0.13833
12000000 23.6601 26.38 114.717 164.757 71600.9 6364.6 0.140277
12100000 13.0459 38.8527 71.7368 123.635 36361.1 4229.91 0.140481
12200000 17.8385 60.6137 104.642 183.094 113144 9290.63 0.140899
12300000 19.4955 26.261 46.1275 91.884 23616 2622.6 0.140627
12400000 18.8583 50.0689 81.1667 150.094 76638.8 6538.81 0.140515
12500000 22.0995 37.1035 57.1837 116.387 46888.9 4205.42 0.140091
12600000 30.3163 36.0698 50.2935 116.68 54996 4432.29 0.139404
12700000 18.5697 34.1764 108.696 161.442 68983.4 6367.93 0.140826
12800000 26.1921 57.0157 66.6044 149.812 99464.2 7035.36 0.140054
12900000 20.0494 52.5394 77.0466 149.635 81159.5 6646.1 0.139768
13000000 11.064 37.6569 80.9089 129.63 33709.6 4358.59 0.140342
13100000 20.1494 44.1519 69.6656 133.967 61976.8 5369.22 0.140061
13200000 14.7212 36.8148 80.0386 131.575 43377.5 4666.82 0.140425
13300000 19.1326 58.9574 76.6337 154.724 86443.6 7112.34 0.140117
13400000 21.8962 46.1674 84.8756 152.939 85800 6787.83 0.140016
13500000 28.8703 39.2025 81.9658 150.039 92768.1 6711.44 0.139707
13600000 27.3027 37.6357 63.708 128.646 65463.6 5164.65 0.139209
13700000 16.7313 43.4059 115.216 175.354 83674.4 7655.03 0.140581
13800000 16.5141 46.3029 67.3543 130.171 51502.5 4995.64 0.140415
13900000 23.6868 34.1621 46.2616 104.11 37434.5 3485.37 0.139974
14000000 10.0176 48.4452 84.493 142.956 41004.8 5425 0.140474
14100000 21.6117 40.9685 54.243 116.823 48026.7 4279.94 0.14005
14200000 14.1126 44.6949 63.6621 122.47 40155.6 4374.57 0.139964
14300000 24.6147 33.4676 50.7077 108.79 41772.8 3769.02 0.139537
14400000 10.8081 37.3077 69.3317 117.448 27956.3 3739.18 0.139783
14500000 16.4173 49.2933 90.4385 156.149 73188.7 6752.04 0.140051
14600000 21.5879 28.1692 92.6075 142.365 56316 5216 0.14071
14700000 21.1374 26.599 64.1365 111.873 36059.7 3623.88 0.140667
14800000 11.1288 40.4892 80.6859 132.304 36356.7 4615.44 0.141105
14900000 28.7649 34.1391 75.0629 137.967 73712.3 5703.76 0.140828
15000000 10.6072 27.2986 88.0721 125.978 25502.2 3628 0.141822
15100000 26.3855 42.4082 53.0185 121.812 59325.6 4766.3 0.14126
15200000 21.3849 32.6927 69.591 123.669 48653 4462.44 0.141169
15300000 24.1278 44.9163 63.4753 132.519 68790.1 5466.32 0.140701
15400000 25.681 44.351 51.2387 121.271 58359.8 4727.33 0.140155
15500000 24.5228 29.7219 68.0648 122.309 49609.8 4421.01 0.140014
15600000 23.0622 36.4309 87.8052 147.298 73772 6063.98 0.140177
15700000 17.0897 50.9191 51.9745 119.983 45228 4404.93 0.139886
15800000 24.644 29.1889 49.9904 103.823 35959.6 3410.45 0.139554
15900000 20.4189 45.9942 86.2996 152.713 81048.3 6670.57 0.139573
16000000 17.2208 38.9174 59.8728 116.011 40126.2 4031.34 0.139397
16100000 16.4064 54.7741 66.6538 137.834 59898.1 5643.09 0.139201
16200000 17.9081 38.0867 63.4859 119.481 43301.2 4236.94 0.139058
16300000 22.2503 46.261 65.986 134.497 67920.7 5550.1 0.138696
16400000 24.3978 38.3467 59.377 122.122 55551.7 4661.16 0.138316
16500000 28.6398 39.0599 51.5268 119.227 57641.4 4607.02 0.137793
16600000 19.8153 35.098 77.8491 132.762 54142.4 4970.43 0.137888
16700000 19.8848 27.3312 79.0548 126.271 42964.2 4276.12 0.138189
16800000 18.4045 32.0096 81.1716 131.586 47819.8 4681.31 0.138477
16900000 17.9481 40.9029 83.8949 142.746 61589.6 5671.42 0.138652
17000000 29.7412 34.7802 80.7713 145.293 83550.5 6245.89 0.138473
17100000 19.3583 29.0363 98.2297 146.624 55214.3 5315.88 0.139298
17200000 25.8144 49.1628 71.1831 146.16 90338.9 6606.21 0.138842
17300000 26.7012 49.2276 56.7286 132.657 74566.2 5621.78 0.138301
17400000 13.0929 36.6509 71.2009 120.945 34167 4021.67 0.138471
17500000 28.5757 49.709 63.3231 141.608 89948.4 6377.69 0.13789
17600000 27.0517 53.0465 59.9073 140.006 85966.9 6233.47 0.137329
17700000 19.3547 36.1035 43.0832 98.5414 30105.4 3088.09 0.137054
17800000 18.4645 37.9245 81.4342 137.823 57024.8 5292.25 0.137213
17900000 14.155 49.5318 95.7939 159.481 67163.1 6801.92 0.137684
18000000 19.6032 40.1131 62.5654 122.282 49198.1 4522.53 0.137478
18100000 18.2207 25.8033 116.645 160.669 54840.8 5605.31 0.139125
18200000 21.5706 33.7385 114.426 169.735 83274.4 7056.54 0.140213
18300000 24.3304 60.2313 104.587 189.149 153268 10309.5 0.140164
18400000 20.741 34.6854 51.9714 107.398 37388.7 3600 0.139903
18500000 17.5767 35.4512 72.0108 125.039 44871 4441.69 0.139939
18600000 13.6632 32.8493 83.6642 130.177 37550.9 4340.27 0.140394
18700000 23.2142 54.2232 87.7394 165.177 110442 8053.06 0.140189
18800000 22.3406 61.081 76.8657 160.287 104890 7776.85 0.139831
18900000 16.9091 40.5813 69.3991 126.89 47621.1 4675.97 0.13978
19000000 12.8194 32.8899 63.4509 109.16 26752.8 3321.93 0.139861
19100000 13.181 38.2049 62.1831 113.569 31314.2 3698.92 0.139861
19200000 18.2295 50.437 112.09 180.757 103061 8616.3 0.140497
19300000 15.6764 56.6914 85.4996 157.867 75984.9 7076.13 0.140551
19400000 18.016 23.0216 95.8242 136.862 39743.9 4347.16 0.141403
19500000 25.6665 43.4683 60.1139 129.249 67067.7 5271.63 0.140994
19600000 18.9177 34.9126 72.9211 126.751 48161.9 4585.83 0.141006
19700000 14.83 43.304 66.2362 124.37 42536.7 4492.77 0.140953
19800000 21.0836 66.3605 84.4841 171.928 118203 8786.75 0.14069
19900000 21.0963 37.66 56.0172 114.773 44504.9 4085.85 0.140435
20000000 18.5544 31.4975 57.2409 107.293 33452.6 3449.44 0.140312
20100000 26.7824 38.8013 73.5765 139.16 76460.1 5864.61 0.140057
20200000 13.7177 43.4451 66.1963 123.359 39450.9 4379.94 0.140043
20300000 15.1702 60.4139 103.328 178.912 94698.6 8726.41 0.140401
20400000 17.1586 39.4272 57.9943 114.58 39234 3958.17 0.140245
20500000 28.8093 35.6187 121.213 185.641 124383 8835.65 0.141066
20600000 15.8262 48.2674 85.9837 150.077 65682.3 6274.9 0.141202
20700000 17.2491 29.0118 83.2419 129.503 41656.5 4351.27 0.141553
20800000 21.5293 39.6436 58.7718 119.945 50161.7 4448.74 0.141295
20900000 30.4773 35.9372 87.9447 154.359 96322.9 6936.06 0.141205
21000000 24.2817 34.331 104.509 163.122 87120.2 6959.16 0.14171
21100000 27.2972 38.6365 59.0165 124.95 62243 4945.85 0.141344
21200000 23.6781 44.6573 79.206 147.541 83752.4 6469.98 0.141162
21300000 26.9851 43.8967 77.632 148.514 91959.6 6687.26 0.14088
21400000 20.1647 48.2947 102.143 170.602 99471.6 7966.48 0.141156
21500000 37.4235 53.2987 64.8302 155.552 129312 7876.17 0.140448
21600000 12.0895 42.8316 89.3551 144.276 46269.2 5425.3 0.140848
21700000 19.3116 26.3477 62.4236 108.083 31762.1 3359.03 0.140838
21800000 17.3234 44.4178 51.5792 113.32 39688.6 3954.03 0.140634
21900000 28.8028 38.5306 88.1804 155.514 97861.7 7047.28 0.140546
22000000 13.2785 43.6627 65.0422 121.983 37710 4283.36 0.140532
22100000 22.5068 36.8052 55.4725 114.785 45951.7 4118.56 0.140281
22200000 21.6491 29.0131 54.8074 105.47 34425 3404.77 0.140123
22300000 24.3909 33.07 55.9424 113.403 45123.6 4021.11 0.139881
22400000 13.57 26.3936 101.158 141.122 36231 4400.8 0.140824
22500000 15.9709 42.1944 69.8955 128.061 47101.3 4739.37 0.140794
22600000 28.3488 47.5849 68.2321 144.166 92043.3 6530.09 0.140381
22700000 16.5871 31.0903 91.9193 139.597 47402.5 4898.17 0.140869
22800000 15.25 34.989 67.3687 117.608 35946.9 3918.12 0.140899
22900000 19.3012 31.5232 48.3856 99.2099 29439.5 3067.6 0.140723
23000000 13.4844 59.4435 85.8787 158.807 68837.2 7064.52 0.140835
23100000 13.5115 57.8134 69.2607 140.586 54102.6 5721.16 0.140792
23200000 23.2504 48.2108 76.3454 147.807 85577.2 6576.66 0.14057
23300000 14.7265 54.5156 72.6971 141.939 58363.1 5836.53 0.140525
23400000 21.4678 46.6859 62.8241 130.978 62965.2 5283.95 0.14027
23500000 23.0328 38.564 82.2209 143.818 73031.7 5952.78 0.140252
23600000 21.4532 30.7742 104.436 156.663 68948.8 6114.6 0.14088
23700000 32.5167 40.9316 91.9606 165.409 122396 8085.3 0.14071
23800000 22.8726 32.6765 77.1029 132.652 57626.3 5030.39 0.140717
23900000 22.8492 62.6974 80.5528 166.099 115399 8323.61 0.140434
24000000 31.6304 48.4555 57.7539 137.84 88517.4 6157.94 0.139956
24100000 17.3481 49.8249 89.9319 157.105 77734.3 6905.37 0.14007
24200000 25.5362 35.3049 73.1201 133.961 65921.9 5350.27 0.139933
24300000 10.9913 79.9717 110.236 201.199 96896.6 10906.4 0.140392
24400000 17.8233 41.0989 84.6026 143.525 61973.1 5717.5 0.140513
24500000 35.516 72.3733 105.829 213.718 272024 13988.2 0.139929
24600000 17.5753 25.0632 89.8255 132.464 39567.7 4270.53 0.140419
24700000 28.7736 43.9803 68.1577 140.912 86251.6 6224.21 0.140075
24800000 19.3699 32.506 52.8313 104.707 33264.6 3370.31 0.13993
24900000 16.4392 42.1493 60.2458 118.834 41744.3 4222.61 0.139818
25000000 18.798 25.6431 37.9622 82.4033 18299.3 2169.12 0.139677
25100000 15.2161 42.832 56.1564 114.204 36599 3911.5 0.139568
25200000 18.7348 36.0268 58.1058 112.867 39218.8 3856.92 0.139439
25300000 31.3799 36.7845 75.4267 143.591 87064.8 6295.72 0.139198
25400000 7.45873 68.3125 75.8365 151.608 38640.6 6255.75 0.139411
25500000 15.6084 52.8113 80.6135 149.033 66449.5 6339.84 0.139431
25600000 23.7059 43.4884 74.9273 142.122 77244.9 6065.62 0.139262
25700000 23.8035 43.697 90.5437 158.044 94178.3 7151.89 0.139271
25800000 19.5476 20.8431 83.2446 123.635 33916.6 3769.74 0.139652
25900000 8.75942 54.221 66.3953 129.376 31534.1 4656.55 0.13974
26000000 27.1545 35.2888 88.8164 151.26 85108.2 6504.24 0.139775
26100000 21.103 43.5009 89.6723 154.276 82319.2 6711.18 0.139844
26200000 16.4264 25.9199 106.88 149.227 45506.6 4951.76 0.140714
26300000 15.8408 39.0369 75.7356 130.613 46833 4774.57 0.140782
26400000 23.5025 33.3231 91.9258 148.751 71994 6006.91 0.140981
26500000 21.6522 26.7364 76.0588 124.448 44030.7 4259.29 0.141086
26600000 10.3404 30.5884 107.502 148.431 34002.5 4716.23 0.142038
26700000 22.8543 36.224 110.098 169.177 91147.7 7332.31 0.142545
26800000 13.1605 25.3906 82.1947 120.746 27465.6 3502.85 0.142939
26900000 20.1637 39.9392 53.1955 113.298 42839.5 4002.52 0.14274
27000000 15.1557 43.6991 56.4601 115.315 37392.9 3985.24 0.142631
27100000 18.0634 35.0446 70.5936 123.702 44687.6 4382.11 0.142626
27200000 19.9017 39.7337 72.3149 131.95 57184.3 5103.29 0.142551
27300000 25.1473 34.8648 58.3083 118.32 51122.2 4375.96 0.142332
27400000 32.6972 39.6933 90.1675 162.558 117025 7825.13 0.142175
27500000 17.4453 42.2208 99.0853 158.751 72981.6 6648.58 0.142497
27600000 21.729 38.5566 70.5763 130.862 59128.5 5092.53 0.142384
27700000 19.8365 44.4872 51.8532 116.177 45758.7 4217.85 0.142177
27800000 21.7564 51.3945 74.2414 147.392 83013.6 6548.98 0.141984
27900000 15.6731 33.3179 90.5725 139.564 47296.5 4959.43 0.142333
28000000 24.0368 29.2188 52.7223 105.978 37028.3 3510.09 0.142162
28100000 24.0264 37.239 55.265 116.53 49446.7 4280.55 0.141936
28200000 14.8131 39.2622 81.5822 135.657 47447.7 4993.17 0.142089
28300000 15.5052 41.0867 55.7783 112.37 35533.9 3793.65 0.141986
28400000 19.9341 40.022 51.2649 111.221 40899.2 3871.44 0.141798
28500000 20.4535 33.5552 65.6984 119.707 45090.3 4234.61 0.141722
28600000 29.2993 36.6015 59.8506 125.751 64183.6 5016.6 0.141446
28700000 21.6277 25.0506 49.5537 96.232 26847.6 2854.87 0.141332
28800000 14.4023 29.5149 58.3534 102.271 24805.1 2987.81 0.141335
28900000 20.9049 32.3649 70.8738 124.144 47952.3 4452.02 0.141313
29000000 19.8496 32.4318 59.0501 111.331 38014 3730.98 0.141211
29100000 18.4172 39.9704 68.7948 127.182 50642.7 4752.9 0.141143
29200000 25.7185 52.9579 59.7103 138.387 81325.4 6059.79 0.140825
29300000 14.2265 35.1735 81.6552 131.055 40860 4534.17 0.141036
29400000 19.625 36.7216 59.1285 115.475 42611.7 4052.35 0.140908
29500000 12.7381 45.1816 65.2295 123.149 37541.4 4353.6 0.140902
29600000 33.0747 40.3978 46.7651 120.238 62484.9 4772.09 0.140557
29700000 18.6965 48.2922 88.9174 155.906 80282.9 6859.35 0.140613
29800000 31.3072 50.2396 66.6798 148.227 104878 7010.38 0.140226
29900000 11.037 46.7978 58.784 116.619 30362.3 3916.27 0.140216
30000000 20.7249 22.8586 56.9856 100.569 26996.4 2957.37 0.140184
30100000 22.368 54.1755 73.451 149.994 89007.7 6833.99 0.139977
30200000 25.6278 43.7898 63.2675 132.685 71001.1 5514.11 0.139727
30300000 19.1979 41.6257 86.7731 147.597 69342.6 6076.98 0.139818
30400000 18.7387 31.7984 65.0375 115.575 38753.2 3882.66 0.13979
30500000 16.9175 65.5187 104.448 186.884 115771 9718.69 0.139946
30600000 13.3939 52.4657 85.2288 151.088 59891.9 6315.85 0.140066
30700000 17.0865 27.106 56.4373 100.63 26138.8 2957.25 0.140038
30800000 20.3193 42.7044 60.457 123.481 52459.9 4677.94 0.139877
30900000 24.8195 38.5766 80.184 143.58 76772.4 6040.81 0.139809
31000000 33.0162 43.1271 81.5196 157.663 116075 7631.07 0.139547
31100000 19.4018 40.061 70.1228 129.586 54503.4 4946.96 0.139479
31200000 14.1918 40.4198 68.2834 122.895 39169.5 4302.7 0.139494
31300000 14.707 49.1186 91.9202 155.746 66402.1 6589.25 0.139684
31400000 24.3478 37.7963 71.2703 133.414 65587 5349.28 0.139558
31500000 24.5845 48.2535 74.5432 147.381 88429.7 6615.87 0.139361
31600000 31.7063 36.3988 38.3093 106.414 44211.6 3763.13 0.139099
31700000 26.9834 34.3168 65.4456 126.746 60601.6 4937.82 0.138932
31800000 25.5118 40.204 58.7151 124.431 60222.8 4884.19 0.138708
31900000 16.9938 43.1915 73.439 133.624 53903.4 5153.94 0.138694
32000000 17.6327 36.1162 62.9252 116.674 40072.3 4018.98 0.138638
32100000 14.7428 30.9058 92.5944 138.243 42189.7 4682.45 0.139043
32200000 18.0441 30.0312 61.2783 109.354 33205.8 3487.86 0.139015
32300000 22.1446 39.9748 70.6044 132.724 62500.8 5271.13 0.138907
32400000 15.1273 36.1224 56.6564 107.906 30959 3450.06 0.138853
32500000 15.9609 42.0886 52.7957 110.845 35466.8 3736.54 0.138749
32600000 16.4761 29.9523 66.1462 112.575 32642.9 3564.56 0.138785
32700000 28.1519 39.0646 52.3691 119.586 57592.5 4619.81 0.13853
32800000 13.3683 33.1095 84.5554 131.033 37425.6 4372.56 0.138806
32900000 18.1276 43.261 86.4953 147.884 67831.3 6094.05 0.138897
33000000 25.2374 42.6313 104.899 172.768 112861 8195.28 0.13908
33100000 19.6824 29.8888 65.3017 114.873 38415.9 3825.37 0.139061
33200000 22.7655 38.3964 83.2579 144.42 72777 5966.33 0.13907
33300000 26.0192 50.2539 63.5612 139.834 83110.3 6155.57 0.138805
33400000 24.8113 28.5934 88.0042 141.409 62433.5 5409.27 0.138966
33500000 15.2684 26.7678 56.0245 98.0608 22897.3 2763.76 0.138964
33600000 26.0097 33.7425 70.1759 129.928 61588.8 5070.8 0.138855
33700000 23.5265 28.9402 82.2625 134.729 56009.5 4996.91 0.138958
33800000 21.2586 27.4856 77.0403 125.785 45015.1 4339.58 0.139055
33900000 22.8337 39.671 83.4733 145.978 75612.9 6123.3 0.139051
34000000 10.8773 47.765 78.109 136.751 40582 5100.05 0.139178
34100000 14.7356 48.5375 63.6109 126.884 45496.4 4740.09 0.139121
34200000 22.6432 41.2045 53.6993 117.547 50101.5 4361.58 0.138933
34300000 21.7361 49.3344 54.3493 125.42 58281 4934.98 0.138734
34400000 22.3499 30.9876 64.2481 117.586 44496.3 4119.41 0.138663
34500000 18.2849 68.4105 78.3598 165.055 98018.9 8044.32 0.138558
34600000 15.4782 43.7373 52.011 111.227 35210.1 3756.83 0.138462
34700000 18.7469 25.0714 92.9552 136.773 43690 4543.15 0.13885
34800000 22.82 29.337 74.6276 126.785 49960.8 4561.82 0.138875
34900000 15.7776 46.4478 76.2553 138.481 55882.4 5477.85 0.138887
35000000 44.2883 45.9948 53.2584 143.541 108489 6845.36 0.138455
35100000 21.6036 48.9127 54.0252 124.541 57087.8 4866.34 0.138264
35200000 13.1986 24.3433 67.4967 105.039 21686.6 2855.26 0.138409
35300000 23.7379 39.7944 63.4235 126.956 59912.1 4974.08 0.13825
35400000 20.5633 36.7266 75.5499 132.84 57056.7 5083.46 0.138243
35500000 18.7982 50.0297 52.8516 121.68 49705.4 4578.14 0.138094
35600000 18.1899 37.4048 52.1457 107.74 35479.3 3579.41 0.137982
35700000 15.1256 20.9793 50.3869 86.4917 15988.9 2136.53 0.137988
35800000 21.3024 38.2153 129.582 189.099 105490 8526.49 0.138784
35900000 15.4771 30.0034 129.89 175.37 60316.2 6371.81 0.139897
36000000 19.8711 39.6485 72.0606 131.58 56773.5 5076.87 0.139846
36100000 17.5375 47.5695 80.462 145.569 67125.6 6072.89 0.139847
36200000 30.6226 34.1348 50.1542 114.912 52426 4293.15 0.139619
36300000 22.3258 30.3112 42.6945 95.3315 28892.3 2924.03 0.139477
36400000 14.1452 37.2453 77.3996 128.79 40777.3 4504.44 0.13959
36500000 24.2159 29.0233 59.0646 112.304 41512.2 3847.38 0.139487
36600000 22.3311 36.8697 64.4676 123.669 53079 4639.88 0.139374
36700000 33.6095 36.1199 54.7844 124.514 66506.7 5034.06 0.139113
36800000 25.9661 37.628 55.323 118.917 54053.5 4495.27 0.138919
36900000 16.7881 30.8708 70.3245 117.983 36446.5 3869.85 0.138975
37000000 27.1684 33.3577 67.2585 127.785 60954.6 4977.16 0.138846
37100000 24.7012 39.4429 73.646 137.79 71752.3 5698.24 0.138737
37200000 18.8369 52.1961 62.3593 133.392 61312.5 5412.78 0.138603
37300000 28.4647 45.5658 98.5274 172.558 127792 8591.06 0.138585
37400000 17.6285 40.3489 82.4756 140.453 58664.2 5493.02 0.13866
37500000 21.2977 38.2937 50.7843 110.376 41418 3841.87 0.13851
37600000 25.8394 48.0575 76.4566 150.354 94942.2 6891.69 0.138336
37700000 10.8095 52.8783 93.8703 157.558 53655 6549.97 0.138587
37800000 27.4249 35.0011 68.2645 130.691 65527.4 5221.39 0.13845
37900000 19.1457 68.2903 76.3099 163.746 99772.5 7979.69 0.13833
38000000 14.5052 39.961 69.4067 123.873 40231.1 4359.96 0.13835
38100000 22.8478 52.2572 91.1547 166.26 108835 8040.13 0.138307
38200000 15.2812 26.5106 87.8656 129.657 35595.6 4077.18 0.138628
38300000 23.6496 53.2593 73.9419 150.851 93134.4 6946.35 0.138452
38400000 19.819 40.4448 76.8246 137.088 61580.8 5431.32 0.138438
38500000 18.0067 48.7446 66.3039 133.055 58197 5303.61 0.138345
38600000 20.4666 38.9224 95.8873 155.276 76384.6 6491.25 0.138528
38700000 22.6822 43.1031 54.1318 119.917 52923.3 4538.75 0.138356
38800000 16.5725 49.0538 84.0699 149.696 68344 6330.13 0.1384
38900000 22.6595 33.2629 123.669 179.591 93211.7 7669.58 0.139065
39000000 16.8483 33.7476 55.9787 106.575 31828.9 3400.88 0.139006
39100000 19.13 29.5209 115.509 164.16 65232.1 6184.37 0.13965
39200000 14.2025 35.1753 54.3349 103.713 27144.4 3182.51 0.139609
39300000 22.1838 38.9721 58.706 119.862 50754.2 4454.77 0.139471
39400000 27.6599 47.4368 114.715 189.812 150518 9926.85 0.139639
39500000 28.7242 40.3834 61.2128 130.32 71005.7 5390.25 0.139425
39600000 28.0783 40.9537 54.863 123.895 63087.6 4937.22 0.139207
39700000 17.6235 44.4071 90.1627 152.193 70562.2 6375.46 0.139317
39800000 16.8136 35.3989 64.887 117.099 38619.5 3983.09 0.139297
39900000 28.4636 43.6722 62.0133 134.149 77086.9 5716.45 0.139072
40000000 10.8603 36.1964 57.4571 104.514 22586.5 3096.84 0.139087
40100000 22.9294 29.7324 46.1006 98.7624 31429 3109.49 0.138961
40200000 13.9213 41.0839 80.5804 135.586 46087.4 5004.29 0.139071
40300000 18.2607 38.0696 48.9404 105.271 34022.2 3452.01 0.138962
40400000 26.1895 36.1821 73.3632 135.735 69518.3 5523.37 0.138867
40500000 24.6887 30.9035 63.7449 119.337 48635.1 4306.68 0.138779
40600000 27.3109 28.9416 52.7862 109.039 41723.3 3759.78 0.138639
40700000 23.189 40.5454 48.8733 112.608 45951.1 4055.12 0.138473
40800000 22.7135 42.4338 63.4107 128.558 61116.6 5094.86 0.138334
40900000 20.4655 39.5758 59.0637 119.105 47837.9 4356.2 0.138221
41000000 16.7538 44.6219 67.2376 128.613 50265.8 4874.34 0.138172
41100000 20.802 50.0135 73.2508 144.066 76208.7 6227.67 0.138067
41200000 13.9671 31.5725 86.0902 131.63 37963.9 4361.49 0.138311
41300000 17.3944 28.506 51.1935 97.0939 25384.1 2845.65 0.138257
41400000 19.4008 38.2424 80.7104 138.354 59881.7 5394.34 0.138298
41500000 20.2173 50.6513 75.7502 146.619 77570.7 6392.34 0.138212
41600000 18.8141 43.4806 68.6003 130.895 56118.4 5091.49 0.138146
41700000 15.2482 43.6398 52.8634 111.751 35176.7 3778.45 0.138071
41800000 24.3823 52.2773 76.7105 153.37 97778.4 7155.24 0.137915
41900000 17.3804 39.4909 75.8691 132.74 52074 5001.14 0.13794
42000000 17.7723 45.7715 66.3843 129.928 54001.4 5031.78 0.137869
42100000 17.7415 31.4515 95.376 144.569 53219.5 5249.83 0.138163
42200000 22.3274 41.7127 57.9986 122.039 54016.1 4645.57 0.138021
42300000 14.9994 33.9172 48.5806 97.4972 24714.8 2885.14 0.137961
42400000 26.7522 27.8994 91.829 146.481 68538.6 5764.98 0.138116
42500000 24.4845 37.5372 75.7242 137.746 69596.5 5615.62 0.138052
42600000 17.7397 34.2522 75.7595 127.751 46033.3 4546.5 0.138107
42700000 25.2785 55.6243 79.926 160.829 112384 7872.33 0.137938
42800000 24.8167 37.6326 65.2579 127.707 60945.5 5009.23 0.137815
42900000 15.1384 34.3973 65.5583 115.094 34137.4 3768.19 0.13783
43000000 9.88704 33.8278 49.915 93.6298 16694.4 2516.48 0.137831
43100000 17.0341 31.3481 83.4908 131.873 44582.9 4573.45 0.137992
43200000 19.8125 43.9084 97.6659 161.387 84962.8 7093.29 0.13814
43300000 20.8749 35.8941 75.1868 131.956 56336.4 5017.57 0.138135
43400000 31.1168 35.8398 70.3914 137.348 78502 5828.39 0.13798
43500000 13.5143 30.2136 91.6754 135.403 37432.5 4417.09 0.138301
43600000 38.5242 60.4552 106.457 205.436 247938 12866 0.138022
43700000 28.2923 44.3113 65.3742 137.978 81957.8 6000.08 0.137824
43800000 17.1076 40.4468 81.0699 138.624 56096.2 5357.88 0.137886
43900000 15.3964 33.6423 75.7403 124.779 39231.2 4232.18 0.137976
44000000 23.5907 35.0242 67.5785 126.193 55836.4 4787.35 0.137897
44100000 30.3714 40.334 66.4106 137.116 81353 5920.59 0.137705
44200000 21.9397 43.0064 83.4517 148.398 78740.7 6363.41 0.137693
44300000 28.7044 42.5542 54.1668 125.425 66164.4 5081.35 0.137487
44400000 13.1171 33.7689 83.0035 129.89 36766.4 4334.65 0.137676
44500000 19.2349 36.9629 76.4264 132.624 54337.6 5005.98 0.137695
44600000 19.0481 51.8925 75.4352 146.376 74563.9 6339.86 0.137628
44700000 24.64 33.6337 81.5164 139.79 67555.3 5578.99 0.137642
44800000 29.0044 34.1173 72.7624 135.884 72001.9 5582.43 0.137542
44900000 18.2631 40.4587 66.2506 124.972 48952.6 4629.25 0.137491
45000000 19.6324 41.0782 65.4662 126.177 52796.1 4780.95 0.137417
45100000 23.1227 30.8416 61.9639 115.928 44188.9 4056.98 0.137348
45200000 21.5655 38.8154 52.2545 112.635 43740.9 3992.25 0.137223
45300000 15.8965 37.1164 41.186 94.1989 24300.6 2773.41 0.137143
45400000 26.1439 53.5462 88.6469 168.337 124097 8464.19 0.13703
45500000 24.4931 63.2293 76.6589 164.381 118720 8273.37 0.13685
45600000 21.1713 57.2839 85.8321 164.287 104095 7946.75 0.136785
45700000 24.4146 38.2308 76.7137 139.359 71603.8 5739.15 0.136731
45800000 19.1672 36.8567 39.4512 95.4751 27869.9 2916.65 0.136626
45900000 18.3992 33.4266 55.4283 107.254 34089.7 3487.64 0.136563
46000000 17.945 24.0571 58.3792 100.381 25202.5 2883.75 0.136569
46100000 21.4514 57.4155 94.1607 173.028 115972 8657.81 0.136555
46200000 25.1667 42.0741 65.2344 132.475 69074.4 5445.27 0.136415
46300000 23.0571 31.808 129.986 184.851 95331.5 7865.08 0.13711
46400000 23.4711 29.6088 33.224 86.3039 23089 2458.48 0.136999
46500000 15.6636 32.7738 72.0157 120.453 36969.6 4001.6 0.137059
46600000 19.5056 37.105 50.1739 106.785 36313.7 3564.13 0.136959
46700000 25.2354 52.1903 99.2649 176.691 130736 9002.7 0.136952
46800000 15.2024 37.4364 67.7369 120.376 38550.6 4134.71 0.136964
46900000 24.6593 36.7045 87.5312 148.895 79225.1 6276.35 0.136999
47000000 29.947 34.2999 103.063 167.309 105864 7648.62 0.137139
47100000 13.4111 41.469 86.7497 141.63 48245.4 5316.98 0.137296
47200000 18.0929 32.6597 92.7943 143.547 54833 5300.47 0.137512
47300000 29.9461 45.6754 75.6603 151.282 103488 7089.34 0.137336
47400000 21.1316 38.1887 69.2156 128.536 55856.3 4912.88 0.137281
47500000 27.0682 29.968 43.7152 100.751 35460.9 3304.53 0.137148
47600000 19.2523 31.8651 61.1477 112.265 37512.8 3739.2 0.137109
47700000 15.2895 35.3073 84.5468 135.144 45641.2 4817.64 0.137258
47800000 17.8341 36.2281 60.0483 114.11 38796.9 3892.44 0.137207
47900000 29.3992 42.0797 75.0515 146.53 92846.9 6601.71 0.137062
48000000 13.7211 56.3358 95.8382 165.895 74081.7 7487.11 0.137208
48100000 24.9994 28.3036 53.1666 106.47 37619.3 3541.51 0.137112
48200000 14.3598 34.5968 69.6512 118.608 34602.9 3906.69 0.13716
48300000 23.7385 47.9587 98.3083 170.006 111921 8186.9 0.137202
48400000 22.2863 55.9362 89.2581 167.481 111270 8228.61 0.137148
48500000 29.8307 49.6391 65.6573 145.127 97223.3 6698.54 0.136932
48600000 36.0931 42.3978 67.1334 145.624 102732 6799.63 0.136698
48700000 16.6675 43.1485 63.3774 123.193 45579.5 4510.16 0.13665
48800000 16.9373 43.0716 80.2728 140.282 58560.4 5546.6 0.136689
48900000 20.7019 37.5582 87.4305 145.691 67979.4 5871.24 0.136768
49000000 11.6103 44.2274 70.0297 125.867 35959.8 4423.79 0.136813
49100000 19.0691 23.3646 126.622 169.055 56415.1 5818.56 0.13761
49200000 18.5384 24.8129 60.4222 103.773 27793.7 3079.37 0.137616
49300000 22.7113 25.8631 108.033 156.608 63457 5835.03 0.138017
49400000 13.412 43.4696 70.4223 127.304 41057.2 4588.74 0.138039
49500000 24.4351 34.5108 77.7502 136.696 65564.8 5426.33 0.138021
49600000 29.4369 41.8501 75.2379 146.525 92688.3 6595.42 0.13788
49700000 27.4855 39.0946 49.0773 115.657 52735.3 4342.11 0.137717
49800000 16.8662 29.9578 129.01 175.834 65185.4 6546.05 0.138482
49900000 18.5604 35.5152 71.2282 125.304 46952 4510.89 0.138481
50000000 19.0902 46.6304 71.7932 137.514 63909.2 5608.48 0.138423
50100000 28.1916 52.1739 57.1206 137.486 84016.9 6061.4 0.138218
50200000 24.8796 28.1499 72.2025 125.232 50567.7 4529.22 0.13821
50300000 28.9602 39.0266 56.074 124.061 63375.8 4942.51 0.138041
50400000 29.6929 36.6068 51.5511 117.851 56034.1 4504.79 0.137875
50500000 11.458 42.2052 56.3368 110 27243.7 3506.8 0.137865
50600000 21.3424 31.2587 78.2276 130.829 52188.4 4781.99 0.13791
50700000 30.0034 41.6809 72.8847 144.569 91147.5 6475.26 0.137759
50800000 20.6273 21.3308 63.0088 104.967 27723.6 3083.72 0.137785
50900000 18.7125 28.2968 70.2117 117.221 37177.4 3830.11 0.137824
51000000 28.9541 39.1206 58.9032 126.978 66719.8 5142.52 0.137661
51100000 22.1307 32.5257 90.3933 145.05 65066.6 5660.39 0.137784
51200000 19.9253 42.7275 59.6124 122.265 50751.4 4586.24 0.137692
51300000 19.0447 32.5467 57.8119 109.403 35834.2 3602.44 0.13764
51400000 13.9893 56.8822 78.7086 149.58 62631.6 6373.94 0.137659
51500000 20.0645 25.784 107.665 153.514 55699.9 5453.64 0.138077
51600000 18.0583 60.747 66.6367 145.442 73099.7 6348.31 0.137991
51700000 17.628 46.0848 84.7181 148.431 68823.7 6210.01 0.138029
51800000 10.8698 37.3505 59.6471 107.867 24216.3 3282.19 0.138049
51900000 24.0028 40.1723 54.2172 118.392 52278.8 4443.64 0.137918
52000000 16.6093 41.7137 70.1024 128.425 48569.5 4781.42 0.137904
52100000 20.6589 33.7545 89.4374 143.851 62367.5 5563.92 0.138024
52200000 20.1061 33.1034 87.6745 140.884 58354.3 5330.69 0.138141
52300000 18.2398 37.3246 64.6787 120.243 44032.9 4274.63 0.138103
52400000 17.9136 20.1691 107.624 145.707 38885 4459.94 0.138614
52500000 24.5232 29.3496 68.5416 122.414 49332.5 4412.27 0.13858
52600000 22.51 46.6974 60.9915 130.199 64111.7 5272.22 0.138454
52700000 22.3764 69.6349 76.0219 168.033 118456 8553.05 0.138316
52800000 20.7189 36.5291 83.2658 140.514 63019.1 5523.64 0.138362
52900000 15.445 30.6429 64.4314 110.519 30494.1 3442.79 0.138382
53000000 23.0222 66.2008 69.7383 158.961 106287 7746.35 0.138232
53100000 19.4193 42.0483 50.0352 111.503 40856.1 3892.09 0.138133
53200000 21.2943 33.9558 76.877 132.127 55587.1 4970.53 0.138147
53300000 27.3721 36.1391 73.3065 136.818 72515 5644.99 0.138065
53400000 12.7157 32.8433 74.0985 119.657 30945.3 3793.47 0.138163
53500000 22.4523 45.8276 58.4881 126.768 60180.4 5022.49 0.138039
53600000 22.5764 31.6437 52.0727 106.293 37200.8 3537.79 0.13795
53700000 20.9685 51.7372 61.3717 134.077 66579 5546.92 0.137834
53800000 22.6549 27.7784 89.3456 139.779 56226.9 5135.32 0.13798
53900000 14.5686 37.8299 72.4358 124.834 39921.3 4346.65 0.13802
54000000 15.231 35.7098 40.004 90.9448 21758 2581.73 0.137957
54100000 15.4852 46.0749 79.5836 141.144 56781 5612.65 0.137991
54200000 22.9207 44.5793 80.0249 147.525 81768.6 6423.47 0.13794
54300000 21.293 46.5746 108.519 176.387 107620 8356.64 0.138115
54400000 14.9928 28.7208 75.0268 118.74 32306.9 3710.29 0.138218
54500000 17.6038 34.3172 96.7751 148.696 58463.2 5628.78 0.138434
54600000 24.9792 51.6276 70.2165 146.823 90552.2 6668.67 0.138291
54700000 30.6049 52.2823 82.483 165.37 131980 8436.87 0.138118
54800000 21.1068 39.3999 52.6646 113.171 43796.2 4018.17 0.138017
54900000 19.8481 46.5819 84.8241 151.254 78425.4 6559.43 0.138021
55000000 24.4705 47.753 69.2848 141.508 80962 6172.53 0.137897
55100000 14.1503 24.9597 97.5309 136.641 34446.7 4167.62 0.138252
55200000 12.8275 50.8285 99.101 162.757 64613.9 6960.37 0.138443
55300000 32.8593 51.8493 66.6007 151.309 113470 7345.39 0.138216
55400000 16.8216 36.4311 83.145 136.398 50953.8 5040.53 0.138305
55500000 22.8095 71.0489 86.7217 180.58 140540 9760.15 0.13819
55600000 18.9037 47.664 69.3826 135.95 62515.6 5519.67 0.138128
55700000 18.9131 24.4214 72.2401 115.575 33366.6 3592.37 0.1382
55800000 19.2221 22.6018 135.331 177.155 58795 6094.52 0.139051
55900000 21.9174 35.1101 66.4366 123.464 51124.4 4558.24 0.138998
56000000 18.3626 25.1734 55.7348 99.2707 25763.3 2888.71 0.13898
56100000 19.8101 34.9075 109.653 164.37 75827.1 6691.45 0.139289
56200000 22.174 54.6924 75.2496 152.116 91258.9 6996.92 0.139185
56300000 17.3896 39.0378 57.0257 113.453 38711.9 3896.66 0.139126
56400000 27.2704 41.3693 73.0233 141.663 82381.7 6140.45 0.139016
56500000 16.473 35.5243 60.9695 112.967 35678.9 3755.45 0.138989
56600000 26.8676 38.264 55.7745 120.906 57339.6 4660.74 0.138856
56700000 18.6769 37.8617 73.9531 130.492 52295.1 4888.34 0.138855
56800000 21.7541 45.1782 71.366 138.298 70139.3 5759.5 0.138778
56900000 22.1923 30.0096 68.0024 120.204 45288.5 4215.85 0.138759
57000000 18.4001 41.7927 46.1498 106.343 35488.6 3546.87 0.138673
57100000 34.2088 52.0429 54.4057 140.657 96860 6472.92 0.138447
57200000 20.554 34.0154 56.8284 111.398 39731.7 3800.24 0.138379
57300000 13.7227 31.756 93.1014 138.58 40571.6 4669.91 0.13862
57400000 19.4768 38.0973 55.3595 112.934 41077.6 3929.3 0.138544
57500000 16.3838 55.3522 65.6287 137.365 59517.2 5614.81 0.138488
57600000 23.8453 49.0783 80.5238 153.448 94236.2 7042.38 0.138409
57700000 27.2494 49.3797 58.4427 135.072 78638.6 5823.98 0.138244
57800000 14.4947 35.3811 53.0856 102.961 27224.3 3160.52 0.138211
57900000 22.0071 29.6209 61.3554 112.983 39995.8 3819.53 0.138168
58000000 18.5565 30.4631 90.8258 139.845 51342.6 5017.52 0.138337
58100000 28.3323 47.1121 58.5445 133.989 78145 5751.65 0.13817
58200000 18.2104 53.4231 86.0073 157.641 83672.9 7133.87 0.138171
58300000 16.6797 20.8948 99.3261 136.901 34617 4080.64 0.138536
58400000 17.6918 42.0392 107.949 167.68 80286.5 7191.62 0.138782
58500000 16.9363 21.0208 64.9987 102.956 23140.5 2823.18 0.138844
58600000 17.0059 58.0397 67.8992 142.945 67017.6 6082.55 0.138783
58700000 21.0312 35.6015 53.6215 110.254 40148.6 3785.47 0.138701
58800000 15.3749 25.3238 102.346 143.044 39848.3 4554.68 0.139067
58900000 19.0363 53.1419 63.8936 136.072 64636.3 5623.35 0.138981
59000000 29.5156 36.6945 68.6573 134.867 74360 5628.87 0.138868
59100000 13.9682 32.7428 80.1895 126.901 36675.4 4203.1 0.138984
59200000 17.8338 43.8441 68.1563 129.834 53292 4985.65 0.138943
59300000 26.251 29.4902 96.8334 152.575 74963.2 6171.75 0.139084
59400000 32.1217 47.0063 86.5183 165.646 130636 8355.96 0.138951
59500000 18.6015 49.595 92.6598 160.856 85482.7 7241.62 0.139002
59600000 16.9247 34.7493 92.3204 143.994 54295.7 5358.69 0.139164
59700000 23.2938 39.5991 82.7038 145.597 76287.1 6123.89 0.139153
59800000 16.4293 55.0996 68.7364 140.265 62223.3 5821.88 0.139105
59900000 22.747 33.6355 64.5346 120.917 49375.9 4403.73 0.139048
60000000 18.4493 31.2798 72.862 122.591 42048.1 4200.46 0.139079
60100000 28.1724 60.045 92.5892 180.807 156625 9859.6 0.138949
60200000 12.9471 19.1333 93.671 125.751 23204.2 3252.72 0.139297
60300000 20.4301 48.4219 68.2032 137.055 67471.1 5685.2 0.139217
60400000 15.5352 44.3556 68.5567 128.448 47240.5 4794.99 0.1392
60500000 17.3041 21.8684 49.4298 88.6022 18704.8 2314.7 0.139184
60600000 21.0001 35.8454 91.1213 147.967 68592.3 5932.6 0.139278
60700000 29.3879 35.148 65.9835 130.519 68155.9 5291.22 0.139169
60800000 28.0334 31.6941 62.2007 121.928 55264.9 4603.58 0.139079
60900000 20.3901 60.5863 105.316 186.293 130104 9763.5 0.139131
61000000 17.9607 42.7544 67.8594 128.575 52109.3 4888 0.139093
61100000 15.9358 33.4893 66.2433 115.669 35352.8 3807.77 0.139101
61200000 22.6463 40.201 59.7936 122.641 54436.4 4668.27 0.139008
61300000 18.0392 35.0714 78.4253 131.536 49616.6 4797.88 0.139052
61400000 19.6856 28.8527 75.9314 124.47 43127.6 4253.56 0.139103
61500000 15.8101 49.0851 80.9446 145.84 62816.2 6028.95 0.139123
61600000 16.2018 28.9163 75.8708 120.989 35545.2 3891.65 0.139205
61700000 21.367 41.7309 80.8745 143.972 72112.9 5994.67 0.139192
61800000 18.2987 40.9597 75.5427 134.801 56619.9 5226.05 0.139189
61900000 20.0732 28.46 47.8259 96.3591 27322.1 2892.43 0.139129
62000000 23.6092 30.1165 85.8489 139.575 61040.8 5323.32 0.139199
62100000 16.3577 53.1435 78.3386 147.84 68100.1 6313.93 0.139188
62200000 13.2532 46.9299 98.0822 158.265 61004 6524.85 0.139361
62300000 13.9441 19.029 83.3694 116.343 22121.4 3014.29 0.139589
62400000 18.8903 35.546 54.6522 109.088 36697.4 3646.53 0.139528
62500000 21.4616 48.8709 54.7725 125.105 57447.9 4901.13 0.13942
62600000 22.5901 36.0922 79.1022 137.785 64494.2 5457.23 0.139417
62700000 18.2494 49.3099 65.7722 133.331 59186.7 5343.4 0.139354
62800000 19.9035 47.0532 108.712 175.669 101811 8215.5 0.139519
62900000 17.5943 48.481 55.6761 121.751 47491 4531.8 0.139447
63000000 22.7975 32.3574 45.1932 100.348 33337.5 3230.29 0.139358
63100000 21.0966 47.9145 58.4199 127.431 59052.6 5042.45 0.139259
63200000 18.3027 30.2751 76.5769 125.155 42432.5 4274.05 0.139316
63300000 20.4887 54.9171 71.6218 147.028 80587.6 6525.88 0.139232
63400000 17.1386 28.3319 67.5626 113.033 32806.3 3557.68 0.13926
63500000 16.5541 21.9701 66.3046 104.829 24114.6 2918.02 0.13932
63600000 22.6196 28.5952 67.9288 119.144 43937.3 4125.78 0.139307
63700000 29.0246 51.2122 65.6196 145.856 97537.7 6751.51 0.139141
63800000 20.903 28.4939 103.819 153.215 61835.1 5723.92 0.1394
63900000 15.1075 27.2792 66.6685 109.055 27475.6 3237.98 0.139444
64000000 21.4172 25.4723 89.2376 136.127 48683.1 4729.85 0.139593
64100000 25.0817 33.5503 83.2244 141.856 70033.1 5721.11 0.139606
64200000 13.258 46.3901 75.8436 135.492 46646.9 5138.97 0.139638
64300000 15.1645 39.049 86.3113 140.525 51110.2 5271.4 0.139738
64400000 12.5326 26.8863 84.5425 123.961 28487 3669.52 0.139925
64500000 20.8251 29.505 72.2555 122.586 44397 4251.07 0.139939
64600000 21.6716 36.9777 97.6379 156.287 78243.9 6527.77 0.140059
64700000 19.9748 49.5347 66.9491 136.459 66242.5 5643.04 0.139982
64800000 15.5659 24.9372 114.187 154.691 44324.3 5013.13 0.140447
64900000 14.4743 62.7146 82.6509 159.84 75026.2 7287.48 0.140455
65000000 26.062 51.7122 65.4578 143.232 88219.2 6438.66 0.140315
65100000 26.7338 33.841 70.823 131.398 64073.5 5194.79 0.140253
65200000 12.2475 20.8583 56.3694 89.4751 14400.2 2121.61 0.140296
65300000 12.6478 43.8637 90.5714 147.083 50247.2 5673.1 0.140427
65400000 19.5179 52.7653 56.7499 129.033 58445 5131.94 0.140337
65500000 11.06 43.4324 90.2313 144.724 43343.8 5397.29 0.140488
65600000 24.3594 44.8405 54.3636 123.564 59380.7 4854.25 0.140368
65700000 23.9918 31.3101 71.8086 127.11 53941.6 4722.34 0.140345
65800000 23.2865 49.9725 55.6029 128.862 64704.3 5237.1 0.140227
65900000 15.7319 46.5759 64.3828 126.691 47175.1 4744.28 0.140191
66000000 19.3176 31.3823 71.5929 122.293 43401.9 4235.98 0.140203
66100000 19.5648 43.5971 49.269 112.431 42025 3964.9 0.140119
66200000 19.2671 54.7294 70.7769 144.773 74632.8 6291.73 0.140049
66300000 17.1158 28.0064 81.1983 126.32 38922.4 4143.19 0.140155
66400000 20.5004 55.0783 102.388 177.967 115609 8867.49 0.140206
66500000 44.4892 49.2733 58.1933 151.956 127567 7648.48 0.139954
66600000 17.6085 47.1003 55.7829 120.492 46264.4 4439.01 0.139886
66700000 31.7934 46.3067 75.9827 154.083 111866 7406.51 0.139739
66800000 20.944 45.7093 84.8218 151.475 81203 6610.99 0.139731
66900000 26.7848 40.3593 78.1487 145.293 84480 6328.24 0.139664
67000000 25.2019 42.5353 55.655 123.392 59660.6 4841.89 0.139549
67100000 23.2791 39.4004 64.0664 126.746 58762.1 4932.85 0.13947
67200000 29.199 40.4479 48.0106 117.657 56702.3 4524.82 0.139335
67300000 32.8576 36.1317 60.3091 129.298 71598.9 5347.88 0.139201
67400000 16.4818 29.1365 65.763 111.381 31580.7 3480.21 0.139221
67500000 13.1512 35.617 67.4584 116.227 31597.8 3758.22 0.139249
67600000 22.5423 38.5636 69.4355 130.541 60361.2 5112.24 0.139195
67700000 27.82 39.2276 56.6043 123.652 61773 4886.5 0.139075
67800000 17.8373 58.6641 60.7029 137.204 63520.3 5690.28 0.139005
67900000 17.8074 35.3958 67.7029 120.906 42673.5 4232.32 0.138996
68000000 29.4426 48.1843 61.1963 138.823 86817.4 6169.15 0.138843
68100000 19.1754 56.8567 76.327 152.359 83215.5 6893.55 0.138788
68200000 18.1969 30.2032 86.3292 134.729 47446.9 4727.95 0.138904
68300000 16.2981 47.956 95.5691 159.823 74695.9 6922.3 0.139001
68400000 28.5579 38.0547 66.2438 132.856 71991.2 5499.43 0.138898
68500000 24.857 44.771 75.2725 144.901 83768.8 6353.95 0.13882
68600000 18.221 60.0544 109.526 187.801 119849 9667.42 0.138928
68700000 18.8195 54.4539 83.5553 156.829 85627 7147.18 0.138908
68800000 18.3296 34.1686 85.3858 137.884 53476.8 5108.9 0.13899
68900000 21.7527 44.8201 61.2504 127.823 59716.6 5052.57 0.138904
69000000 13.4231 34.3256 77.08 124.829 35515 4141.23 0.138982
69100000 31.2492 32.0898 72.4013 135.74 72602.7 5588.61 0.138912
69200000 20.1609 39.8918 54.6545 114.707 43956.1 4086.4 0.138839
69300000 15.4549 46.8394 83.1809 145.475 60214.3 5905.59 0.138878
69400000 30.9227 47.0615 53.7838 131.768 78269.8 5649.55 0.138722
69500000 28.0876 42.5319 81.5462 152.166 97416.7 6953.37 0.13865
69600000 15.5529 32.7084 80.8658 129.127 41137.3 4411.4 0.138738
69700000 25.782 35.4276 88.8401 150.05 81146.1 6351.26 0.138765
69800000 22.5582 33.0223 63.1598 118.74 47049.3 4255.38 0.138716
69900000 29.1279 39.4648 46.3244 114.917 53251.2 4327.04 0.138591
70000000 20.1135 36.1138 78.0711 134.298 56708.8 5116.1 0.138606
70100000 14.7922 37.4266 69.6652 121.884 38568.2 4191.46 0.138623
70200000 21.8966 28.1738 68.3826 118.453 42186 4040.86 0.13862
70300000 18.7113 43.6165 70.639 132.967 57650.1 5218.9 0.138587
70400000 27.5738 37.1816 54.1286 118.884 55494.7 4530.36 0.138478
70500000 22.5567 39.5504 94.0145 156.122 83872.8 6731.09 0.13854
70600000 22.2532 50.4327 88.3251 161.011 99126.3 7542.28 0.138517
70700000 21.0666 39.9007 71.8227 132.79 60372.2 5219.41 0.138481
70800000 24.1332 30.6447 97.1889 151.967 71876.6 6063.36 0.138612
70900000 25.4723 53.0129 82.4761 160.961 111373 7823.52 0.138524
71000000 21.616 28.4851 50.4734 100.575 31078.3 3144.51 0.138469
71100000 12.6336 47.9606 87.8367 148.431 53221.6 5928.31 0.13856
71200000 14.0869 51.5115 76.7331 142.331 55680.5 5759.21 0.138573
71300000 18.752 42.5111 65.2949 126.558 52051 4797.34 0.138528
71400000 31.2086 51.3486 85.5367 168.094 137074 8664.19 0.138403
71500000 25.6303 31.7185 74.7009 132.05 60728.5 5096.96 0.138382
71600000 27.3887 33.7972 77.665 138.851 71891.4 5677.66 0.13835
71700000 22.1406 31.7627 54.6823 108.586 38455.1 3650.8 0.13829
71800000 13.4556 58.4404 83.3692 155.265 65557.3 6780.26 0.138323
71900000 25.3699 49.4087 80.8071 155.586 101291 7296.13 0.138245
72000000 26.9417 32.3938 64.543 123.878 56329.5 4702.43 0.138179
72100000 18.7676 33.7821 85.6326 138.182 54291.9 5133.98 0.138258
72200000 32.6744 55.5146 68.2696 156.459 123835 7834.53 0.138077
72300000 17.0617 37.4915 51.386 105.939 32870 3442.94 0.138028
72400000 17.4483 18.5243 96.8727 132.845 31311 3807.98 0.138312
72500000 14.2021 45.2082 79.7057 139.116 51175.3 5377.39 0.138353
72600000 16.7563 39.8347 102.149 158.74 68182.9 6448.21 0.138529
72700000 20.2879 26.9279 62.2096 109.425 33985.8 3483.59 0.138519
72800000 17.3949 29.8886 69.5177 116.801 36142.8 3806.94 0.138544
72900000 22.2347 56.2325 98.6985 177.166 123404 8994.91 0.138548
73000000 20.9898 34.0171 73.5234 128.53 52496.7 4758.31 0.138545
73100000 25.8155 47.9481 64.8 138.564 80209.6 6017.68 0.138433
73200000 20.7703 30.3135 55.4743 106.558 34927.7 3463.45 0.138388
73300000 14.0643 45.0766 57.5498 116.691 36484.8 4037.51 0.138359
73400000 28.5327 34.7916 48.648 111.972 48292.9 4073.3 0.138255
73500000 23.9771 34.6321 46.1643 104.773 38333.8 3536.03 0.13817
73600000 17.3353 23.9797 72.6076 113.923 30182.7 3415.48 0.138239
73700000 21.0853 26.4312 72.1465 119.663 40207.9 3985.46 0.138267
73800000 24.0071 26.546 101.916 152.47 64950.7 5789.49 0.138464
73900000 20.3647 35.9474 139.887 196.199 102405 8609.38 0.139003
74000000 23.3091 37.9644 80.5166 141.79 71250.3 5818.45 0.138992
74100000 14.2234 35.6414 84.649 134.514 42912.1 4727.95 0.139094
74200000 26.4399 48.9365 75.6789 151.055 97919 6998.27 0.138995
74300000 12.9777 40.1421 72.7974 125.917 37923.8 4387.93 0.139031
74400000 26.1587 39.4732 81.0587 146.691 83698.6 6352.61 0.138992
74500000 17.6836 38.9914 76.6344 133.309 52840.1 5032.76 0.139007
74600000 25.5212 28.791 90.5441 144.856 66530.2 5652.44 0.139088
74700000 15.8991 32.583 56.4239 104.906 29229.9 3253.59 0.139067
74800000 18.7892 25.9955 66.8616 111.646 32657.6 3482.82 0.139087
74900000 25.6847 31.4201 56.3206 113.425 45451.6 4023.19 0.139015
75000000 27.1276 28.0979 46.6254 101.851 35539.1 3337.13 0.138937
75100000 18.9214 33.0671 57.9728 109.961 36272.2 3639.6 0.1389
75200000 22.5542 38.7412 60.0637 121.359 52482.3 4555.41 0.138829
75300000 22.9804 44.0823 79.8157 146.878 80855.7 6365.69 0.138792
75400000 33.6898 49.1352 53.3628 136.188 88334.5 6075.13 0.138629
75500000 13.9357 41.6236 60.7943 116.354 35264 3957.74 0.138614
75600000 23.5024 37.7362 51.5846 112.823 45749.9 4045.86 0.138529
75700000 29.5663 51.9932 81.9211 163.481 125933 8218.7 0.138412
75800000 27.6014 30.1187 63.429 121.149 52729.8 4492.45 0.138352
75900000 13.9497 33.976 67.5053 115.431 31994.4 3709.19 0.138378
76000000 20.4231 55.2462 77.5241 153.193 87470.2 6994.49 0.138323
76100000 21.3209 36.4922 65.6455 123.459 51075.2 4573.21 0.138281
76200000 21.6905 49.2453 88.8377 159.773 94892.4 7369.93 0.138273
76300000 23.5251 32.5748 67.3255 123.425 51593.3 4543.28 0.138237
76400000 24.0757 39.9411 89.95 153.967 86497 6719.93 0.138256
76500000 15.9873 44.8066 89.7199 150.514 64269.7 6170.76 0.138328
76600000 22.361 34.0554 54.4953 110.912 41498.8 3835.93 0.138264
76700000 15.9863 28.0769 89.9147 133.978 40357.9 4410.77 0.138422
76800000 23.7432 46.7209 69.7127 140.177 77332.6 6021.55 0.138342
76900000 41.1564 49.4232 68.8182 159.398 139982 8267.6 0.138136
77000000 28.0263 41.3096 78.4265 147.762 90798.8 6595.53 0.138068
77100000 18.5467 27.7269 88.4115 134.685 45465 4605.36 0.138196
77200000 23.7026 35.946 64.1525 123.801 54658.8 4678.62 0.138138
77300000 18.7245 44.947 59.9915 123.663 50489.5 4661.36 0.138081
77400000 25.4233 42.1372 81.5555 149.116 87367.7 6581.2 0.138041
77500000 19.3593 52.1622 57.0862 128.608 57647.1 5092.72 0.137969
77600000 22.145 35.2191 77.1331 134.497 60158.2 5204.6 0.137968
77700000 22.1344 39.7611 54.1156 116.011 47626.4 4229.6 0.137891
77800000 14.1756 32.5238 68.1182 114.818 31405.6 3642.13 0.137922
77900000 22.5356 31.5846 52.7195 106.84 37524.7 3564.97 0.137862
78000000 15.4446 35.3376 60.4278 111.21 32979.9 3614.43 0.13785
78100000 24.9462 34.0994 71.9433 130.989 61198.6 5098.59 0.137815
78200000 17.9234 33.899 60.7135 112.536 36888.7 3753.91 0.137791
78300000 27.1682 42.9378 59.441 129.547 69340.5 5333.71 0.137684
78400000 28.8676 37.7678 60.5359 127.171 66000.2 5124.1 0.137585
78500000 23.9929 52.7877 69.1255 145.906 87549.5 6574.03 0.137491
78600000 20.2455 39.9556 71.064 131.265 57485.3 5087.06 0.137463
78700000 20.0772 26.1208 52.0782 98.2762 27311.5 2930.34 0.137431
78800000 32.1133 44.1156 77.1303 153.359 109270 7296.25 0.13732
78900000 15.757 28.2537 60.7131 104.724 27029 3117.22 0.137328
79000000 15.7603 34.8493 100.81 151.42 55368.7 5651.21 0.137523
79100000 23.0197 54.9014 75.4104 153.331 95304.7 7139.87 0.137444
79200000 17.3652 32.3489 63.739 113.453 35805 3730.47 0.137438
79300000 18.2916 43.7755 65.1318 127.199 52152.6 4843.27 0.137398
79400000 19.2197 41.5481 54.3427 115.11 43395 4100.83 0.137338
79500000 38.439 39.3325 62.0738 139.845 93849.5 6339.47 0.137191
79600000 17.9605 52.883 81.9024 152.746 77791.2 6752.05 0.137183
79700000 17.6479 40.6942 58.249 116.591 41832.7 4116.54 0.13714
79800000 12.4402 37.0278 78.7088 128.177 36255.9 4354.2 0.137216
79900000 13.8421 54.2103 86.489 154.541 64900.1 6636.17 0.137264
80000000 16.5786 47.5096 87.7516 151.84 69116.8 6411.48 0.137308
