# Radius of Gyration Tensor of DendrimerRGTensorAnalyzer: whole Molecule with endgroups
# time    R_1   R_2   R_3   Tr   D   M   <A>
61600000 164.037 259.812 466.278 890.127 1.98722e+07 240250 0.090336
61700000 167.541 271.69 458.087 897.318 2.08517e+07 246725 0.0854954
61800000 166.939 271.162 454.966 893.067 2.05951e+07 244588 0.0836645
61900000 174.526 291.713 422.868 889.106 2.15288e+07 248069 0.0774385
62000000 183.197 282.468 397.715 863.379 2.05806e+07 236949 0.0715501
62100000 205.045 278.885 367.33 851.26 2.10054e+07 234946 0.0646676
62200000 198.859 297.52 370.088 866.466 2.1896e+07 242868 0.0597863
62300000 179.978 276.358 369.375 825.711 1.83721e+07 218298 0.0575104
62400000 175.094 278.688 365.146 818.927 1.78178e+07 214493 0.0558229
62500000 177.345 286.021 355.685 819.051 1.80419e+07 215537 0.0540443
62600000 190.391 318.302 366.441 875.135 2.22071e+07 247009 0.0520244
62700000 193.488 299.833 383.83 877.15 2.22675e+07 247365 0.0506045
62800000 187.277 301.33 373.632 862.239 2.10848e+07 238991 0.049457
62900000 179.285 317.8 371.635 868.72 2.11745e+07 241711 0.0487132
63000000 166.294 327.415 370.369 864.077 2.01655e+07 237301 0.0485665
63100000 171.349 300.515 355.861 827.725 1.83243e+07 219411 0.0480302
63200000 176.363 288.856 393.549 858.768 2.00488e+07 234030 0.0480279
63300000 196.904 304.703 352.771 854.379 2.11654e+07 236950 0.0468346
63400000 209.689 307.767 336.457 853.913 2.17134e+07 238637 0.0453518
63500000 230.427 306.087 336.104 872.618 2.37057e+07 250855 0.0436258
63600000 233.857 296.428 321.906 852.191 2.23151e+07 240024 0.0419874
63700000 227.862 266.135 317.129 811.126 1.92314e+07 217303 0.0406567
63800000 223.539 256.816 323.828 804.183 1.85904e+07 212961 0.039563
63900000 211.964 258.188 320.5 790.652 1.75399e+07 205410 0.0386588
64000000 206.474 246.713 332.575 785.762 1.69413e+07 201658 0.0380286
64100000 197.031 229.061 323.748 749.841 1.46115e+07 183079 0.0375814
64200000 193.569 251.33 315.673 760.571 1.53574e+07 189092 0.037034
64300000 187.557 259.809 324.866 772.232 1.58304e+07 194063 0.0366347
64400000 205.516 262.576 327.927 796.018 1.7696e+07 207463 0.0360513
64500000 231.335 263.111 352.504 846.95 2.14558e+07 235161 0.0353905
64600000 224.252 275.521 360.359 860.131 2.22651e+07 241883 0.0348436
64700000 232.735 264.69 351.858 849.283 2.16754e+07 236626 0.0342382
64800000 228.001 233.727 336.811 798.539 1.79487e+07 208805 0.0337842
64900000 212.538 244.945 366.726 824.209 1.90918e+07 219831 0.0336541
65000000 210.666 275.013 363.167 848.845 2.10403e+07 234318 0.0333844
65100000 195.315 293.942 340.47 829.727 1.95468e+07 223989 0.0331284
65200000 194.85 289.063 342.693 826.606 1.93018e+07 222157 0.0329048
65300000 191.019 275.044 350.501 816.564 1.84148e+07 215894 0.0327985
65400000 192.275 272.705 364.873 829.853 1.91318e+07 222093 0.0327908
65500000 206.46 275.673 351.899 834.033 2.00285e+07 226578 0.0325444
65600000 183.889 276.344 358.98 819.213 1.82421e+07 216031 0.0325852
65700000 189.769 255.465 356.468 801.702 1.72813e+07 207191 0.0325923
65800000 204.571 281.773 337.896 824.24 1.94772e+07 221976 0.0323036
65900000 202.391 280.296 320.262 802.949 1.81683e+07 211316 0.0319771
66000000 208.748 270.016 293.117 771.88 1.65216e+07 196699 0.0315516
66100000 217.234 259.036 289.886 766.156 1.63123e+07 194335 0.0310968
66200000 212.158 257.715 308.188 778.061 1.68506e+07 199486 0.0307313
66300000 228.451 242.041 303.886 774.377 1.68032e+07 198270 0.0303218
66400000 218.786 246.82 316.959 782.565 1.7116e+07 201579 0.0299992
66500000 214.012 242.252 320.363 776.628 1.66092e+07 198015 0.0297377
66600000 214.385 244.98 336.404 795.769 1.7668e+07 207052 0.0295452
66700000 234.598 245.962 335.166 815.726 1.93398e+07 218770 0.0292492
66800000 227.176 254.683 326.705 808.564 1.89025e+07 215284 0.0289409
66900000 227.283 240.945 346.856 815.084 1.89948e+07 217170 0.0287686
67000000 217.129 248.629 357.636 823.394 1.93069e+07 220557 0.0286837
67100000 205.91 229.013 320.93 755.853 1.51338e+07 186736 0.0285456
67200000 214.134 229.017 349.001 792.152 1.71151e+07 203700 0.0285068
67300000 228.532 247.196 361.131 836.859 2.04011e+07 228292 0.0283929
67400000 208.725 245.614 366.349 820.688 1.87812e+07 217712 0.0284244
67500000 211.288 227.424 366.552 805.264 1.76135e+07 208863 0.0285083
67600000 206.807 210.808 381.577 799.191 1.66354e+07 202949 0.0287889
67700000 207.237 219.087 371.946 798.27 1.68875e+07 203973 0.0289542
67800000 201.844 225.929 355.018 782.79 1.61896e+07 197469 0.0290152
67900000 187.011 234.71 365.312 787.033 1.60348e+07 197953 0.0291901
68000000 196.788 238.086 383.037 817.911 1.79462e+07 213425 0.0293983
68100000 192.425 234.166 394.877 821.467 1.77929e+07 213510 0.029721
68200000 186.327 247.403 374.22 807.95 1.72507e+07 208408 0.0299007
68300000 183.098 239.36 393.418 815.877 1.72421e+07 210029 0.0302407
68400000 193.87 234.69 406.258 834.818 1.84844e+07 219605 0.0306049
68500000 194.266 236.851 415.291 846.408 1.91084e+07 225051 0.031012
68600000 173.319 228.794 441.639 843.752 1.75129e+07 217243 0.0318029
68700000 188.82 234.063 423.895 846.777 1.87343e+07 223453 0.0322909
68800000 210.645 220.516 438.78 869.941 2.03816e+07 235635 0.0328034
68900000 215.938 228.389 430.991 875.318 2.12555e+07 240818 0.0331721
69000000 177.877 246.212 417.57 841.659 1.82877e+07 220882 0.0336071
69100000 190.053 246.191 371.94 808.184 1.74028e+07 209046 0.0336858
69200000 198.337 254.668 395.732 848.738 1.99885e+07 229779 0.0338144
69300000 192.468 251.595 372.967 817.03 1.80605e+07 214045 0.0338676
69400000 214.316 261.561 372.582 848.459 2.08857e+07 233360 0.0337827
69500000 206.867 249.678 368.295 824.84 1.90225e+07 219794 0.033746
69600000 221.944 269.399 343.468 834.811 2.05365e+07 228552 0.0335241
69700000 249.863 277.681 376.013 903.556 2.60886e+07 267745 0.0332711
69800000 251.015 270.913 371.467 893.395 2.52609e+07 261882 0.0330241
69900000 235.264 248.72 371.006 854.99 2.17094e+07 238076 0.0328964
70000000 244.452 254.383 346.906 845.741 2.15721e+07 235233 0.0326572
70100000 227.107 283.167 344.225 854.499 2.21368e+07 239958 0.0324278
70200000 214.254 266.527 352.624 833.406 2.01365e+07 226640 0.032296
70300000 209.349 259.173 368.888 837.41 2.0015e+07 227090 0.032252
70400000 204.32 271.991 411.54 887.851 2.28706e+07 251594 0.0323838
70500000 202.851 266.875 421.628 891.353 2.28251e+07 252185 0.0325808
70600000 200.635 251.092 415.859 867.586 2.09501e+07 238233 0.0327956
70700000 189.821 255.689 427.718 873.227 2.07593e+07 239087 0.0331142
70800000 202.151 267.054 402.536 871.741 2.1731e+07 242857 0.0332106
70900000 182.84 261.72 380.018 824.578 1.81849e+07 216793 0.0333178
71000000 183.016 237.622 378.013 798.651 1.64393e+07 202495 0.0334565
71100000 196.31 254.843 369.892 821.046 1.85051e+07 216907 0.0334692
71200000 182.852 239.155 374.547 796.553 1.63789e+07 201791 0.033587
71300000 184.943 241.753 401.951 828.647 1.79714e+07 216221 0.0338078
71400000 187.06 253.946 424.802 865.808 2.01795e+07 234844 0.0340966
71500000 183.422 281.101 407.865 872.389 2.10297e+07 241023 0.0342708
71600000 185.262 268.175 420.356 873.793 2.08844e+07 240288 0.0345066
71700000 179.324 254.081 407.834 841.238 1.8582e+07 222319 0.0347374
71800000 196.663 273.771 378.055 848.489 2.03548e+07 231691 0.0347354
71900000 191.963 269.328 363.071 824.361 1.87711e+07 219182 0.0347135
72000000 200.246 253.622 386.667 840.535 1.96376e+07 226283 0.0347564
72100000 186.446 273.54 394.749 854.735 2.01324e+07 232580 0.0348578
72200000 180.333 276.218 365.541 822.092 1.82081e+07 216699 0.0348871
72300000 200.7 261.079 345.613 807.392 1.81096e+07 211996 0.0347956
72400000 200.458 267.814 345.124 813.396 1.85281e+07 215297 0.0346988
72500000 199.182 260.294 319.301 778.777 1.65544e+07 198557 0.0345644
72600000 193.066 248.513 322.826 764.405 1.5489e+07 190533 0.0344668
72700000 180.203 248.869 312.643 741.715 1.40211e+07 178993 0.0343917
72800000 202.238 265.557 327.113 794.908 1.75679e+07 206728 0.0342627
72900000 199.05 289.449 351.325 839.824 2.02416e+07 229237 0.034179
73000000 208.641 271.969 366.266 846.877 2.07834e+07 232775 0.0341078
73100000 204.878 284.19 379.782 868.851 2.21126e+07 243964 0.0340736
73200000 212.477 274.938 365.013 852.428 2.13233e+07 236331 0.0339854
73300000 222.056 255.933 361.837 839.826 2.05637e+07 229785 0.0338869
73400000 207.42 252.719 319.944 780.082 1.67711e+07 199637 0.0337528
73500000 193.835 272.416 342.989 809.239 1.81111e+07 212722 0.0336874
73600000 187.844 276.404 341.382 805.63 1.77248e+07 210407 0.0336389
73700000 178.16 308.514 358.362 845.036 1.96973e+07 229370 0.0336621
73800000 174.886 289.016 372.977 836.878 1.8852e+07 223569 0.0337339
73900000 166.044 301.944 371.346 839.334 1.86178e+07 223921 0.0338387
74000000 176.598 320.748 334.091 831.437 1.89241e+07 222803 0.0338327
74100000 181.002 336.714 374.238 891.954 2.28083e+07 254695 0.0338854
74200000 186.006 317.075 362.826 865.908 2.13988e+07 241509 0.0338838
74300000 202.792 300.768 369.93 873.49 2.25633e+07 247275 0.0338308
74400000 201.257 308.524 355.188 864.97 2.20546e+07 243161 0.0337565
74500000 203.907 302.323 364.023 870.254 2.24405e+07 245926 0.0336898
74600000 194.345 287.872 363.481 845.698 2.03355e+07 231223 0.0336616
74700000 197.355 275.34 353.315 826.01 1.9199e+07 221350 0.0336099
74800000 218.14 289.771 324.882 832.793 2.0536e+07 228222 0.0334531
74900000 207.281 322.719 335.422 865.422 2.24376e+07 244667 0.0333443
75000000 198.641 307.815 334.495 840.951 2.04526e+07 230552 0.0332583
75100000 204.812 289.618 335.587 830.018 1.99061e+07 225242 0.0331552
75200000 195.897 264.004 335.342 795.243 1.73431e+07 205942 0.0330879
75300000 203.394 282.392 334.511 820.297 1.92132e+07 219938 0.0329917
75400000 199.546 272.435 373.126 845.108 2.02844e+07 230472 0.0329837
75500000 188.391 293.863 350.097 832.351 1.93818e+07 224197 0.0329565
75600000 171.264 301.094 353.887 826.245 1.82488e+07 218728 0.0329975
75700000 192.088 297.005 380.712 869.805 2.172e+07 243254 0.0330161
75800000 190.265 301.122 367.443 858.83 2.1052e+07 237850 0.0330129
75900000 203.163 295.285 348.299 846.747 2.08948e+07 233600 0.0329379
76000000 211.135 304.057 358.311 873.503 2.30025e+07 248796 0.0328533
76100000 205.878 301.603 345.616 853.097 2.14605e+07 237487 0.0327684
76200000 207.55 297.644 347.089 852.283 2.14418e+07 237123 0.0326823
76300000 210.824 295.82 326.508 833.153 2.03631e+07 227790 0.0325663
76400000 210.17 286.341 334.1 830.611 2.01062e+07 226064 0.0324624
76500000 224.328 298.037 320.384 842.748 2.14202e+07 234215 0.0323137
76600000 242.729 292.378 317.451 852.557 2.2529e+07 240838 0.0321311
76700000 221.358 273.138 332.734 827.23 2.01175e+07 224997 0.032011
76800000 209.254 255.987 302.777 768.017 1.62186e+07 194430 0.0318949
76900000 207.127 294.202 317.991 819.32 1.93775e+07 220355 0.0317901
77000000 205.43 230.294 324.544 760.268 1.53539e+07 188721 0.0317293
77100000 211.239 237.362 348.962 797.562 1.74969e+07 206684 0.031691
77200000 195.412 228.268 341.296 764.976 1.52239e+07 189206 0.031682
77300000 197.67 256.817 342.023 796.509 1.73628e+07 206210 0.0316426
77400000 195.591 239.28 343.526 778.396 1.60773e+07 196190 0.0316259
77500000 216.303 250.429 354.15 820.882 1.91838e+07 219462 0.0315729
77600000 205.378 264.763 353.353 823.494 1.92141e+07 220502 0.03153
77700000 196.91 285.37 336.361 818.641 1.89009e+07 218413 0.0314746
77800000 189.051 265.515 341.139 795.705 1.71238e+07 205266 0.0314517
77900000 193.183 271.018 348.834 813.035 1.82635e+07 214285 0.0314285
78000000 206.343 303.327 341.693 851.363 2.13864e+07 236740 0.0313567
78100000 206.153 282.218 326.997 815.369 1.90248e+07 217876 0.0312724
78200000 200.4 269.442 324.382 794.224 1.75154e+07 206405 0.0312017
78300000 203.289 255.297 312.287 770.873 1.62074e+07 195110 0.0311185
78400000 206.911 261.852 315.226 783.989 1.70789e+07 201946 0.0310298
78500000 204.213 272.526 309.751 786.49 1.72387e+07 203324 0.0309392
78600000 203.808 278.167 297.475 779.45 1.68647e+07 200068 0.0308417
78700000 213.312 286.79 323.889 823.992 1.98142e+07 223154 0.030745
78800000 214.459 291.256 339.081 844.796 2.11798e+07 233941 0.0306603
78900000 192.085 299.806 337.416 829.306 1.94311e+07 223560 0.0306267
79000000 208.014 278.727 318.197 804.938 1.84488e+07 212858 0.0305395
79100000 233.629 270.886 324.158 828.673 2.05149e+07 226829 0.0304175
79200000 212.722 272.192 335.294 820.208 1.94139e+07 220490 0.030342
79300000 199.658 292.484 340.233 832.375 1.98685e+07 225840 0.0302954
79400000 176.409 292.103 337.33 805.842 1.73825e+07 209573 0.0303035
79500000 177.551 296.927 366.501 840.979 1.93218e+07 226616 0.0303517
79600000 193.096 287.728 346.088 826.913 1.92284e+07 221967 0.0303286
79700000 168.342 281.859 358.554 808.755 1.70129e+07 208870 0.0303897
79800000 169.746 304.077 350.535 824.357 1.80931e+07 217707 0.0304358
79900000 170.518 290.633 322.653 783.803 1.599e+07 198349 0.0304405
80000000 186.38 293.408 303.939 783.728 1.66211e+07 200512 0.0303932
80100000 206.94 278.934 322.55 808.424 1.86184e+07 214441 0.0303177
80200000 197.629 275.358 306.785 779.772 1.66949e+07 199524 0.0302478
80300000 205.502 285.18 333.208 823.89 1.95276e+07 222104 0.0301854
80400000 198.966 279.405 342.059 820.431 1.90159e+07 219224 0.0301477
80500000 190.826 281.365 317.301 789.492 1.70364e+07 203518 0.0301013
80600000 180.757 289.659 312.905 783.321 1.6383e+07 199553 0.0300742
80700000 206.831 266.97 324.751 798.552 1.7932e+07 209085 0.0300077
80800000 213.581 257.208 326.097 796.886 1.79141e+07 208458 0.0299365
80900000 228.808 271.694 308.029 808.531 1.91488e+07 216335 0.0298246
81000000 207.601 266.772 304.345 778.718 1.68553e+07 199755 0.0297425
81100000 226.335 268.166 322.339 816.84 1.95645e+07 220092 0.0296463
81200000 198.023 302.54 317.781 818.344 1.90382e+07 218979 0.0295936
81300000 188.898 291.096 306.318 786.312 1.68436e+07 202018 0.0295488
81400000 198.945 278.753 316.605 794.303 1.75578e+07 206698 0.0294912
81500000 184.127 293.619 338.132 815.878 1.82805e+07 215604 0.0294855
81600000 179.909 293.448 298.268 771.625 1.57468e+07 193981 0.0294556
81700000 203.954 267.352 305.589 776.895 1.6663e+07 198554 0.029384
81800000 179.11 268.867 314.97 762.947 1.5168e+07 189256 0.0293639
81900000 191.259 264.786 302.562 758.607 1.53226e+07 188624 0.0293114
82000000 174.433 267.815 312.959 755.208 1.46202e+07 185122 0.0292989
82100000 186.233 273.917 328.966 789.115 1.67813e+07 202386 0.0292797
82200000 191.847 284.974 341.926 818.747 1.86936e+07 217709 0.0292626
82300000 186.04 287.925 345.924 819.889 1.85296e+07 217522 0.0292625
82400000 187.928 308.896 352.094 848.918 2.04391e+07 232979 0.0292669
82500000 198.101 285.873 358.887 842.861 2.03244e+07 230324 0.0292575
82600000 185.113 254.219 331.419 770.751 1.55964e+07 192662 0.0292484
82700000 189.095 274.342 325.823 789.259 1.69026e+07 202875 0.0292212
82800000 171.401 284.535 349.266 805.202 1.70336e+07 208013 0.0292583
82900000 190.533 273.258 341.292 805.083 1.77692e+07 210353 0.0292455
83000000 192.205 265.652 315.621 773.478 1.61155e+07 195569 0.0292048
83100000 205.295 274.624 327.551 807.471 1.8467e+07 213577 0.0291519
83200000 202.921 271.281 324.985 799.187 1.789e+07 209157 0.0291018
83300000 216.435 271.186 330.108 817.729 1.93754e+07 219662 0.0290358
83400000 192.457 263.901 321.305 777.662 1.63189e+07 197419 0.0290017
83500000 182.162 272.93 312.115 767.207 1.55176e+07 191759 0.0289767
83600000 188.398 285.216 330.723 804.336 1.7771e+07 210369 0.0289574
83700000 188.286 276.444 334.444 799.174 1.7408e+07 207477 0.0289424
83800000 177.1 250.664 327.622 755.386 1.4544e+07 184537 0.0289456
83900000 172.409 270.326 358.627 801.363 1.67145e+07 205384 0.0289947
84000000 170.054 284.075 358.258 812.388 1.73068e+07 211004 0.029046
84100000 177.401 284.266 391.985 853.652 1.97675e+07 231396 0.0291334
84200000 188.683 295.645 366.041 850.369 2.04189e+07 233067 0.029152
84300000 189.94 304.704 374.732 869.377 2.16879e+07 243235 0.0291783
84400000 184.703 322.278 357.73 864.711 2.12941e+07 240888 0.0291992
84500000 199.417 325.537 339.996 864.949 2.20717e+07 243399 0.0291742
84600000 192.948 319.936 350.614 863.498 2.16437e+07 241555 0.0291692
84700000 210.431 303.854 348.882 863.168 2.23077e+07 243365 0.0291262
84800000 198.604 304.683 368.158 871.445 2.22777e+07 245800 0.0291255
84900000 186.633 316.451 337.963 841.046 1.99601e+07 229084 0.0291224
85000000 168.829 312.882 357.243 838.954 1.88708e+07 224911 0.0291763
85100000 166.072 282.335 348.925 797.332 1.63603e+07 203348 0.0292209
85200000 182.474 281.601 348.111 812.186 1.78877e+07 212935 0.0292306
85300000 183.781 283.575 342.558 809.913 1.78526e+07 212212 0.0292316
85400000 180.701 289.232 343.288 813.221 1.79418e+07 213587 0.0292392
85500000 189.208 294.192 328.104 811.504 1.82634e+07 214269 0.0292176
85600000 194.29 296.888 322.173 813.352 1.85837e+07 215927 0.0291835
85700000 182.829 317.855 323.487 824.171 1.87988e+07 220078 0.0291787
85800000 203.728 323.14 338.089 864.957 2.22573e+07 243961 0.029145
85900000 192.572 312.339 329.331 834.242 1.98085e+07 226431 0.0291232
86000000 199.582 301.198 325.925 826.704 1.95925e+07 223330 0.0290844
86100000 221.948 304.626 320.798 847.372 2.16895e+07 236535 0.0290099
86200000 230.001 288.43 319.033 837.465 2.11644e+07 231736 0.0289253
86300000 236.917 282.782 292.811 812.51 1.96171e+07 219169 0.0288278
86400000 223.395 271.313 317.129 811.837 1.92212e+07 217496 0.0287545
86500000 230.215 276.83 326.961 834.006 2.08373e+07 229514 0.0286781
86600000 213.02 268.9 315.596 797.517 1.80777e+07 209374 0.0286175
86700000 200.969 277.903 317.434 796.306 1.77286e+07 207860 0.028573
86800000 221.172 288.871 306.134 816.177 1.9559e+07 220032 0.0284974
86900000 205.663 284.221 314.224 804.107 1.83675e+07 212387 0.0284453
87000000 211.026 307.17 319.834 838.03 2.07319e+07 230558 0.0283912
87100000 226.938 303.318 323.893 854.149 2.2295e+07 240581 0.0283172
87200000 232.084 274.422 318.177 824.684 2.02644e+07 224848 0.0282387
87300000 229.063 258.632 312.931 800.626 1.8539e+07 211858 0.0281664
87400000 215.136 248.524 312.797 776.456 1.67241e+07 198498 0.0281118
87500000 212.211 250.927 323.856 786.993 1.72451e+07 203239 0.0280678
87600000 219.437 251.581 330.975 801.992 1.82718e+07 211101 0.0280217
87700000 202.848 256.145 346.742 805.735 1.80162e+07 211111 0.0280087
87800000 219.179 272.859 314.572 806.609 1.88129e+07 214586 0.027945
87900000 207.701 288.377 311.667 807.745 1.86677e+07 214507 0.027893
88000000 208.2 279.375 314.44 802.016 1.82897e+07 211479 0.0278421
88100000 200.694 284.081 352.754 837.53 2.01117e+07 228020 0.0278303
88200000 215.588 283.901 340.786 840.275 2.0858e+07 231424 0.0277869
88300000 217.47 252.205 333.971 803.647 1.83174e+07 211705 0.0277472
88400000 212.268 261.52 330.814 804.601 1.83642e+07 212248 0.027707
88500000 217.928 285.018 333.19 836.136 2.06956e+07 229690 0.0276561
88600000 210.03 282.035 329.472 821.537 1.95165e+07 221357 0.0276136
88700000 211.075 254.162 332.485 797.722 1.78369e+07 208332 0.02758
88800000 203.007 267.075 318.975 789.057 1.72942e+07 204162 0.0275419
88900000 224.365 253.842 319.48 797.687 1.81954e+07 209731 0.0274858
89000000 240.292 256.334 309.904 806.53 1.90885e+07 215501 0.0274112
89100000 232.872 276.871 308.504 818.248 1.9891e+07 221734 0.0273362
89200000 233.785 293.025 298.835 825.646 2.04717e+07 225934 0.0272576
89300000 232.48 258.568 314.778 805.826 1.89219e+07 214683 0.0271918
89400000 235.152 266.213 326.021 827.386 2.04091e+07 226056 0.0271272
89500000 227.796 269.565 292.204 789.564 1.7943e+07 206736 0.0270549
89600000 245.623 268.54 301.279 815.442 1.98723e+07 220866 0.0269727
89700000 223.44 259.53 309.964 792.935 1.79747e+07 207693 0.0269136
89800000 219.179 268.417 328.555 816.151 1.93294e+07 219034 0.026867
89900000 233.277 261.376 326.257 820.909 1.98928e+07 222357 0.0268083
90000000 252.673 284.336 352.358 889.367 2.53148e+07 261063 0.0267388
90100000 229.28 297.127 342.811 869.218 2.33541e+07 248583 0.026685
90200000 230.595 305.658 331.478 867.73 2.33636e+07 248239 0.0266241
90300000 225.195 288.552 331.6 845.347 2.15475e+07 235339 0.0265707
90400000 223.155 260.25 340.034 823.439 1.97478e+07 222450 0.0265334
90500000 224.774 274.98 343.849 843.603 2.12527e+07 233648 0.0264919
90600000 220.675 263.833 339.877 824.385 1.97881e+07 222894 0.026456
90700000 210.626 286.518 351.511 848.655 2.12131e+07 235100 0.0264351
90800000 205.905 264.169 325.366 795.44 1.76978e+07 207340 0.0264048
90900000 205.412 273.612 332.736 811.759 1.87007e+07 215591 0.0263786
91000000 207.919 260.618 331.376 799.913 1.79564e+07 209449 0.0263518
91100000 213.876 270.782 312.578 797.237 1.81026e+07 209408 0.026305
91200000 216.232 260.168 336.634 813.034 1.89379e+07 216629 0.0262739
91300000 214.94 246.718 336.727 798.385 1.78565e+07 208482 0.0262503
91400000 222.916 236.504 355.529 814.949 1.87437e+07 216058 0.0262431
91500000 212.651 234.923 334.007 781.582 1.66859e+07 199450 0.0262258
91600000 220.492 240.84 336.366 797.697 1.78621e+07 208279 0.0262003
91700000 213.861 281.115 351.599 846.575 2.1138e+07 234153 0.026178
91800000 206.078 277.081 353.282 836.441 2.01725e+07 227791 0.026168
91900000 216.23 271.9 375.227 863.357 2.20607e+07 241953 0.0261681
92000000 222.522 256.464 346.494 825.48 1.9774e+07 223035 0.0261414
92100000 230.842 263.381 318.932 813.155 1.93909e+07 218423 0.0260868
92200000 258.784 293.265 318.756 870.805 2.41911e+07 251861 0.0260048
92300000 235.746 300.948 334.563 871.256 2.37363e+07 250505 0.0259465
92400000 221.403 283.132 336.424 840.959 2.10891e+07 232424 0.0259064
92500000 198.768 306.239 337.278 842.286 2.05304e+07 231199 0.0258944
92600000 220.989 296.099 359.131 876.218 2.34995e+07 251137 0.0258681
92700000 214.651 270.99 326.073 811.714 1.89671e+07 216523 0.0258316
92800000 207.244 255.849 341.154 804.248 1.80891e+07 211010 0.0258179
92900000 222.805 265.573 356.448 844.826 2.10914e+07 233252 0.025797
93000000 206.851 259.33 372.047 838.228 1.99576e+07 227084 0.0258122
93100000 221.064 249.051 383.504 853.618 2.11142e+07 235347 0.0258299
93200000 225.946 264.042 393.685 883.672 2.34869e+07 252560 0.025844
93300000 229.412 252.662 376.794 858.867 2.18403e+07 239606 0.0258429
93400000 228.99 246.877 373.084 848.951 2.10913e+07 234071 0.0258424
93500000 232.369 268.264 357.373 858.007 2.22773e+07 241249 0.0258121
93600000 225.067 279.275 349.303 853.645 2.19556e+07 239024 0.0257792
93700000 252.934 284.933 327.161 865.029 2.35783e+07 248039 0.0257101
93800000 250.8 277.288 348.733 876.822 2.42523e+07 253706 0.0256552
93900000 254.764 312.209 346.958 913.931 2.75969e+07 276256 0.0255875
94000000 247.739 303.336 347.547 898.623 2.61176e+07 266673 0.025528
94100000 238.446 308.87 328.958 876.274 2.42274e+07 253693 0.0254703
94200000 210.656 284.799 310.89 806.345 1.86517e+07 214027 0.0254324
94300000 213.553 270.639 318.019 802.21 1.83801e+07 211778 0.0253959
94400000 233.801 279.148 301.116 814.065 1.96524e+07 219722 0.0253365
94500000 214.195 243.422 310.758 768.375 1.62029e+07 194348 0.0253027
94600000 225.362 269.804 306.654 801.819 1.86456e+07 212648 0.0252526
94700000 223.981 273.26 323.245 820.486 1.97842e+07 221936 0.02521
94800000 233.504 271.854 338.445 843.804 2.14842e+07 234515 0.0251682
94900000 221.363 249.747 355.954 827.063 1.96788e+07 222978 0.0251589
95000000 235.046 255.099 352.352 842.496 2.11269e+07 232663 0.0251324
95100000 227.107 281.267 338.578 846.952 2.16276e+07 236002 0.0250943
95200000 215.24 291.893 351.254 858.386 2.20682e+07 240959 0.0250745
95300000 198.395 278.693 347.168 824.256 1.91954e+07 220921 0.0250728
95400000 205.657 259.359 343.608 808.624 1.83277e+07 213122 0.0250646
95500000 227.709 262.869 365.194 855.772 2.18597e+07 239014 0.0250514
95600000 216.355 274.048 328.707 819.11 1.94896e+07 220491 0.0250199
95700000 188.488 277.256 351.757 817.501 1.83826e+07 216088 0.0250341
95800000 209.098 286.639 339.102 834.84 2.03244e+07 228042 0.0250144
95900000 199.554 284.157 340.199 823.91 1.92909e+07 221263 0.0250061
96000000 221.268 275.92 310.884 808.073 1.89802e+07 215621 0.0249626
96100000 214.981 257.656 288.823 761.46 1.59983e+07 191900 0.0249187
96200000 202.168 256.363 302.427 760.959 1.56744e+07 190501 0.0248896
96300000 222.272 254.501 298.746 775.518 1.68996e+07 199002 0.024845
96400000 211.315 254.361 305.567 771.243 1.64243e+07 196045 0.0248109
96500000 230.568 261.956 282.941 775.465 1.70893e+07 199754 0.024757
96600000 227.058 235.139 335.539 797.736 1.79145e+07 208475 0.0247369
96700000 201.635 242.889 332.452 776.976 1.62818e+07 196758 0.0247305
96800000 211.768 231.284 324.486 767.538 1.58928e+07 192743 0.0247152
96900000 221.148 246.215 303.341 770.704 1.65169e+07 196220 0.0246762
97000000 214.026 246.739 315.014 775.779 1.66354e+07 197956 0.0246477
97100000 203.489 248.022 296.335 747.846 1.4956e+07 184268 0.0246174
97200000 216.2 282.034 301.438 799.671 1.83804e+07 211162 0.0245771
97300000 227.178 246.59 318.885 792.653 1.78639e+07 207098 0.0245423
97400000 221.418 249.813 296.304 767.536 1.63895e+07 194941 0.0245006
97500000 224.561 241.166 316.205 781.932 1.71246e+07 201422 0.0244685
97600000 247.212 263.971 300.552 811.735 1.96131e+07 218894 0.0244117
97700000 227.412 258.881 311.631 797.924 1.83465e+07 210416 0.0243705
97800000 206.439 257.001 299.51 762.95 1.58905e+07 191860 0.0243393
97900000 202.728 251.974 343.865 798.567 1.75654e+07 207439 0.0243388
98000000 215.451 260.44 333.051 808.941 1.86881e+07 214608 0.0243171
98100000 211.351 257.481 326.433 795.265 1.77641e+07 207461 0.0242956
98200000 214.073 227.785 297.671 739.529 1.45152e+07 180291 0.0242664
98300000 220.909 231.203 309.858 761.97 1.5826e+07 191165 0.0242383
98400000 217.367 255.137 310.736 783.24 1.72329e+07 202283 0.0242053
98500000 224.391 259.646 302.644 786.681 1.76327e+07 204753 0.0241638
98600000 233.966 254.303 287.981 776.251 1.71344e+07 200111 0.0241146
98700000 236.557 253.332 297.311 787.2 1.78171e+07 205577 0.0240669
98800000 250.112 279.553 305.703 835.368 2.13746e+07 231840 0.0240095
98900000 221.924 247.74 294.428 764.091 1.61875e+07 193261 0.0239701
99000000 221.11 249.242 311.77 782.123 1.71816e+07 201752 0.0239377
99100000 218.927 234.191 308.464 761.582 1.58152e+07 191041 0.0239101
99200000 211.012 232.137 315.798 758.947 1.5469e+07 188929 0.0238922
99300000 213.569 241.963 332.736 788.269 1.71944e+07 203248 0.0238795
99400000 185.328 249.106 325.67 760.104 1.5035e+07 187648 0.0238835
99500000 199.35 276.572 339.317 815.239 1.87081e+07 216623 0.0238791
99600000 223.996 265.095 347.544 836.635 2.06372e+07 229361 0.0238603
99700000 225.316 248.78 345.714 819.809 1.93786e+07 219955 0.0238455
99800000 228.947 264.108 322.852 815.907 1.95218e+07 219650 0.0238102
99900000 239.879 261.624 311.002 812.504 1.95179e+07 218726 0.0237649
100000000 230.438 267.835 304.601 802.875 1.87998e+07 213494 0.0237218
100100000 239.917 260.63 354.196 854.743 2.21477e+07 239821 0.0236979
100200000 210.059 255.174 329.732 794.965 1.76742e+07 207004 0.0236825
100300000 194.755 254.47 337.421 786.646 1.67224e+07 201137 0.0236854
100400000 224.276 253.639 326.81 804.726 1.85907e+07 213073 0.0236588
100500000 204.749 237.69 313.621 756.059 1.52629e+07 187425 0.0236429
100600000 200.179 241.689 325.322 767.19 1.57394e+07 192131 0.0236363
100700000 219.135 254.097 330.266 803.498 1.83897e+07 211974 0.0236152
100800000 218.913 278.55 358.415 855.878 2.18555e+07 239276 0.0236054
100900000 214.006 257.08 360.513 831.6 1.98343e+07 224850 0.023608
101000000 231.254 260.163 354.359 845.776 2.13196e+07 234302 0.0235913
101100000 229.042 288.815 363.857 881.714 2.40694e+07 254577 0.0235738
101200000 233.991 279.647 359.267 872.905 2.35086e+07 249968 0.0235518
101300000 215.454 270.674 341.967 828.094 1.99427e+07 224557 0.0235366
101400000 189.377 261.243 330.924 781.544 1.63719e+07 198594 0.023539
101500000 206.789 247.042 326.266 780.096 1.66674e+07 199155 0.023527
101600000 206.999 248.214 328.068 783.28 1.68561e+07 200720 0.0235156
101700000 185.911 250.824 310.455 747.189 1.44768e+07 182217 0.0235101
101800000 193.37 226.188 296.875 716.432 1.29847e+07 168294 0.0234966
101900000 219.134 235.851 306.629 761.614 1.58475e+07 191194 0.0234703
102000000 209.094 238.317 331.072 778.483 1.64976e+07 197956 0.0234627
102100000 217.233 232.807 352.29 802.33 1.78165e+07 209118 0.0234674
102200000 221.408 246.601 330.235 798.244 1.80306e+07 209152 0.0234484
102300000 218.757 263.558 312.644 794.959 1.80255e+07 208448 0.0234185
102400000 233.727 255.438 331.107 820.272 1.9768e+07 221669 0.0233897
102500000 240.461 264.717 312.567 817.746 1.98962e+07 221556 0.0233476
102600000 207.635 251.529 340.948 800.113 1.78065e+07 208778 0.0233436
102700000 205.116 262.999 329.639 797.754 1.77825e+07 208254 0.0233321
102800000 222.528 265.384 341.247 829.16 2.01525e+07 225554 0.0233134
102900000 236.084 266.786 339.236 842.106 2.13664e+07 233575 0.0232842
103000000 230.889 253.679 331.326 815.894 1.94063e+07 219122 0.0232585
103100000 244.563 267.172 363.75 875.485 2.37676e+07 251484 0.0232377
103200000 233.481 260.235 372.006 865.722 2.2603e+07 244425 0.0232334
103300000 242.679 291.679 369.689 904.047 2.61682e+07 268331 0.0232097
103400000 251.948 304.907 376.613 933.468 2.89317e+07 286540 0.0231796
103500000 255.463 274.12 344.027 873.611 2.40914e+07 252219 0.0231402
103600000 237.385 273.902 335.323 846.611 2.18028e+07 236467 0.0231077
103700000 230.42 283.309 348.201 861.929 2.27305e+07 244160 0.023084
103800000 246.354 276.49 348.761 871.605 2.37557e+07 250462 0.0230517
103900000 234.266 284.088 344.643 862.998 2.29368e+07 245200 0.0230237
104000000 243.826 291.613 318.002 853.441 2.26109e+07 241374 0.02298
104100000 240.753 291.343 315.881 847.977 2.21564e+07 238221 0.0229379
104200000 230.192 286.726 332.049 848.967 2.19159e+07 237644 0.0229076
104300000 218.101 266.416 304.35 788.867 1.76845e+07 205569 0.0228777
104400000 222.207 269.684 297.08 788.971 1.78027e+07 206056 0.0228434
104500000 232.225 236.119 301.438 769.782 1.65287e+07 196010 0.0228123
104600000 238.765 259.449 295.324 793.538 1.82945e+07 209082 0.0227714
104700000 227.597 269.43 316.978 814.005 1.94375e+07 218868 0.0227402
104800000 219.856 238.135 309.587 767.578 1.62086e+07 194144 0.0227174
104900000 219.2 259.929 328.789 807.918 1.87332e+07 214509 0.0226982
105000000 237.054 244.224 310.854 792.133 1.79967e+07 207502 0.0226665
105100000 234.98 248.549 334.764 818.293 1.95516e+07 220272 0.0226448
105200000 222.652 237.102 346.89 806.644 1.83127e+07 212275 0.0226418
105300000 219.395 251.419 329.163 799.976 1.81566e+07 210134 0.0226251
105400000 225.678 237.966 352.402 816.047 1.89253e+07 217093 0.0226237
105500000 209.485 229.87 358.447 797.802 1.72607e+07 205640 0.0226411
105600000 208.432 256.827 350.181 815.44 1.87455e+07 216456 0.0226429
105700000 208.902 258.082 345.778 812.762 1.86422e+07 215387 0.0226411
105800000 217.927 250.229 356.218 824.375 1.94252e+07 221298 0.0226421
105900000 229.487 262.502 337.73 829.718 2.03451e+07 226400 0.0226209
106000000 234.484 261.582 366.97 863.037 2.25088e+07 243379 0.0226137
106100000 227.551 255.268 367.016 849.836 2.13187e+07 235289 0.0226138
106200000 210.391 273.7 396.341 880.433 2.28229e+07 249449 0.0226446
106300000 211.159 263.336 347.311 821.806 1.93125e+07 220403 0.0226408
106400000 205.753 262.1 350.635 818.488 1.8909e+07 217973 0.0226436
106500000 207.052 264.521 365.115 836.688 1.99972e+07 226948 0.0226546
106600000 224.736 236.434 375.128 836.298 1.99325e+07 226133 0.0226715
106700000 197.697 245.053 367.294 810.044 1.7794e+07 211066 0.0226981
106800000 190.072 230.763 375.694 796.529 1.64786e+07 201967 0.0227445
106900000 207.347 233.196 406.243 846.786 1.96428e+07 227320 0.0228058
107000000 196.035 252.311 412.829 861.174 2.04192e+07 234552 0.0228744
107100000 198.95 246.493 399.882 845.325 1.96101e+07 227164 0.0229288
107200000 204.775 250.586 372.084 827.445 1.9093e+07 220746 0.0229506
107300000 198.89 215.901 357.784 772.574 1.53634e+07 191346 0.0229802
107400000 208.58 222.722 336.012 767.314 1.56096e+07 191378 0.0229838
107500000 223.628 235.253 332.132 791.014 1.74732e+07 205019 0.0229717
107600000 206.643 239.895 367.864 814.402 1.8236e+07 213838 0.0229926
107700000 204.848 228.431 362.698 795.977 1.6972e+07 203943 0.0230157
107800000 229.579 246.893 336.036 812.508 1.9047e+07 216793 0.0229984
107900000 207.39 246.282 331.493 785.165 1.69315e+07 201465 0.0229917
108000000 197.248 264.982 334.758 796.989 1.74969e+07 207003 0.0229904
108100000 216.072 252.688 338.208 806.968 1.84658e+07 213137 0.0229802
108200000 215.458 235.932 327.655 779.045 1.66559e+07 198734 0.0229699
108300000 229.559 240.694 319.073 789.327 1.76299e+07 205299 0.0229472
108400000 223.178 234.505 331.984 789.667 1.73749e+07 204280 0.0229358
108500000 220.741 240.434 355.443 816.619 1.88647e+07 216996 0.0229377
108600000 231.51 245.266 333.276 810.052 1.89239e+07 215679 0.0229191
108700000 226.346 252.813 351.31 830.469 2.01031e+07 225556 0.0229103
108800000 222.551 278.966 346.168 847.686 2.14916e+07 235694 0.0228947
108900000 222.263 239.062 366.897 828.222 1.94949e+07 222393 0.0229043
109000000 205.841 221.391 336.672 763.904 1.53426e+07 189409 0.0229104
109100000 207.339 240.197 349.803 797.339 1.7421e+07 206352 0.022917
109200000 210.49 229.212 324.881 764.583 1.56745e+07 191098 0.0229105
109300000 211.613 243.833 346.975 802.421 1.79033e+07 209627 0.0229113
109400000 209.435 255.78 351.64 816.855 1.88371e+07 217157 0.0229128
109500000 219.5 255.766 348.916 824.182 1.95884e+07 221969 0.022906
109600000 235.251 259.523 353.212 847.986 2.15647e+07 235813 0.0228911
109700000 227.229 261.337 347.52 836.086 2.06369e+07 229170 0.0228773
109800000 228.073 250.214 332.736 811.023 1.89883e+07 216210 0.0228591
109900000 228.663 251.933 346.442 827.038 1.99577e+07 224106 0.0228469
110000000 223.916 234.514 341.403 799.832 1.79275e+07 209020 0.022841
110100000 213.242 246.981 362.002 822.226 1.90655e+07 219269 0.0228495
110200000 225.933 256.133 367.29 849.356 2.12547e+07 234927 0.02285
110300000 201.816 276.461 367.973 846.249 2.05307e+07 231787 0.0228634
110400000 197.901 291.418 347.339 836.658 2.00317e+07 227632 0.0228667
110500000 235.573 309.959 329.522 875.053 2.40609e+07 252782 0.022836
110600000 204.437 288.755 327.887 821.079 1.93559e+07 220744 0.0228256
110700000 199.225 293.257 304.979 797.461 1.78182e+07 208621 0.0228122
110800000 193.416 291.636 330.205 815.257 1.86259e+07 216574 0.0228115
110900000 214.594 282.804 321.883 819.281 1.95345e+07 220792 0.022792
111000000 229.368 267.765 323.871 821.005 1.98912e+07 222424 0.0227663
111100000 245.214 275.156 334.944 855.314 2.25994e+07 241767 0.0227352
111200000 231.458 298.473 331.879 861.81 2.29275e+07 244957 0.0227082
111300000 227.099 306.677 321.41 855.187 2.2385e+07 241207 0.0226817
111400000 236.359 279.105 358.324 873.787 2.36382e+07 250672 0.0226643
111500000 215.704 291.51 342.356 849.57 2.15273e+07 236527 0.022652
111600000 202.442 268.022 325.223 795.686 1.76462e+07 207264 0.022643
111700000 220.373 259.465 329.642 809.48 1.88486e+07 215354 0.0226264
111800000 232.287 259.799 352.532 844.618 2.12746e+07 233824 0.0226139
111900000 219.533 270.318 322.891 812.742 1.91615e+07 217512 0.0225935
112000000 217.625 279.697 321.6 818.922 1.95755e+07 220808 0.0225731
112100000 205.416 282.324 322.619 810.36 1.871e+07 215348 0.0225608
112200000 227.004 289.596 307.767 824.367 2.02324e+07 224732 0.0225317
112300000 201.134 273.266 329.386 803.785 1.8104e+07 211223 0.0225254
112400000 169.433 285.91 330.832 786.174 1.60263e+07 199084 0.0225455
112500000 202.964 258.397 310.139 771.5 1.62653e+07 195531 0.0225315
112600000 196.368 266.596 291.791 754.755 1.52755e+07 187439 0.0225156
112700000 211.169 268.737 301.822 781.728 1.71281e+07 201595 0.022494
112800000 219.988 258.989 305.949 784.926 1.74313e+07 203517 0.0224699
112900000 197.994 248.329 313.661 759.983 1.54219e+07 189161 0.0224616
113000000 204.709 249.657 329.671 784.037 1.68485e+07 200898 0.0224564
113100000 219.524 252.447 313.882 785.853 1.73947e+07 203561 0.0224363
113200000 220.469 229.743 323.173 773.385 1.63691e+07 196148 0.0224255
113300000 214.007 239.538 348.341 801.886 1.78569e+07 209251 0.022428
113400000 225.4 241.354 358.119 824.873 1.94821e+07 221555 0.0224294
113500000 222.859 271.289 368.278 862.426 2.22658e+07 242443 0.0224287
113600000 239.581 282.88 357.565 880.026 2.42331e+07 254586 0.0224097
113700000 241.183 283.097 323.402 847.682 2.20813e+07 237832 0.0223783
113800000 222.625 273.682 342.786 839.093 2.08854e+07 231055 0.0223645
113900000 206.336 298.041 348.104 852.481 2.14072e+07 237072 0.0223624
114000000 217.046 280.256 352.296 849.598 2.14296e+07 236026 0.0223556
114100000 231.426 310.97 333.808 876.204 2.4023e+07 253023 0.0223316
114200000 244.596 293.768 379.16 917.525 2.72444e+07 275981 0.0223178
114300000 221.085 297.807 386.864 905.757 2.54714e+07 266582 0.0223244
114400000 193.678 292.878 385.418 871.974 2.18625e+07 244252 0.0223541
114500000 186.9 264.141 408.278 859.319 2.01558e+07 233518 0.0224139
114600000 197.608 275.703 397.445 870.756 2.16532e+07 242596 0.0224514
114700000 192.454 282.411 382.009 856.875 2.07627e+07 235754 0.0224806
114800000 188.726 277.287 374.177 840.19 1.95812e+07 226703 0.0225083
114900000 202.781 276.502 387.191 866.474 2.17096e+07 241644 0.0225331
115000000 221.272 298.557 380.059 899.887 2.51075e+07 263628 0.022535
115100000 218.055 286.374 397.814 902.243 2.48416e+07 263114 0.0225525
115200000 213.324 293.135 381.472 887.931 2.38545e+07 255733 0.022562
115300000 189.579 285.648 383.186 858.413 2.07506e+07 236253 0.0225936
115400000 173.327 255.638 389.912 818.877 1.72766e+07 211567 0.0226505
115500000 174.946 252.993 397.867 825.807 1.76097e+07 214523 0.0227134
115600000 187.444 226.702 407.869 822.015 1.7332e+07 211411 0.0227848
115700000 159.41 241.229 414.93 815.569 1.59559e+07 204691 0.0228829
115800000 170.401 229.68 399.019 799.099 1.56166e+07 198777 0.0229582
115900000 173.361 217.359 404.548 795.268 1.5244e+07 195747 0.0230417
116000000 187.191 260.741 383.75 831.682 1.87302e+07 220702 0.0230788
116100000 194.005 233.041 382.435 809.481 1.72903e+07 208528 0.0231183
116200000 191.884 240.405 368.588 800.877 1.70029e+07 205467 0.0231458
116300000 199.461 208.538 383.594 791.592 1.59556e+07 198101 0.0231939
116400000 203.654 226.932 374.855 805.441 1.73241e+07 207623 0.0232231
116500000 202.822 218.697 325.337 746.857 1.44309e+07 181493 0.0232241
116600000 205.212 243.014 333.685 781.91 1.66406e+07 199435 0.0232211
116700000 174.363 244.147 344.162 762.672 1.46511e+07 186605 0.0232435
116800000 180.001 248.88 325.295 754.176 1.45727e+07 184311 0.0232505
116900000 177.667 222.852 348.928 749.446 1.38152e+07 179345 0.0232788
117000000 175.085 235.035 341.37 751.49 1.40477e+07 181154 0.0233006
117100000 184.417 232.702 358.236 775.355 1.53735e+07 192342 0.0233276
117200000 188.928 244.62 330.162 763.71 1.52586e+07 189357 0.0233318
117300000 195.004 257.878 329.925 782.807 1.6591e+07 199704 0.0233302
117400000 195.971 256.793 328.395 781.16 1.65262e+07 199010 0.0233274
117500000 182.562 241.402 361.924 785.888 1.59503e+07 197514 0.0233557
117600000 189.543 237.686 332.352 759.581 1.4973e+07 187042 0.0233619
117700000 199.557 229.863 342.048 771.468 1.569e+07 192753 0.0233698
117800000 195.822 225.084 316.981 737.887 1.39714e+07 177495 0.0233679
117900000 180.35 246.455 333.121 759.925 1.48066e+07 186625 0.0233787
118000000 183.651 243.724 317.173 744.548 1.41967e+07 180312 0.0233799
118100000 191.04 265.69 308.526 765.255 1.56599e+07 191670 0.0233718
118200000 205.721 262.845 321.121 789.686 1.73639e+07 204539 0.0233598
118300000 223.701 262.309 305.654 791.664 1.79354e+07 207230 0.0233347
118400000 251.787 267.797 305.021 824.604 2.05669e+07 225911 0.023299
118500000 223.594 258.18 307.896 789.671 1.77741e+07 206064 0.0232752
118600000 200.938 272.408 335.277 808.624 1.83521e+07 213440 0.0232709
118700000 198.843 294.943 342.762 836.548 2.01021e+07 227898 0.0232704
118800000 206.329 291.39 350.811 848.529 2.10915e+07 234727 0.023268
118900000 210.442 297.604 352.668 860.714 2.20871e+07 241800 0.0232633
119000000 210.862 294.229 326.913 832.005 2.02823e+07 227163 0.0232494
119100000 196.387 291.433 346.108 833.928 1.9809e+07 226072 0.0232522
119200000 189.271 289.377 370.174 848.822 2.02747e+07 231954 0.0232725
119300000 179.101 272.399 376.664 828.165 1.83763e+07 218851 0.0233068
119400000 155.335 264.04 387.204 806.579 1.58811e+07 203398 0.0233715
119500000 176.552 268.11 408.689 853.352 1.93455e+07 229064 0.023433
119600000 181.771 271.77 431.56 885.101 2.1319e+07 245130 0.0235089
119700000 181.875 281.725 420.155 883.756 2.15283e+07 246023 0.0235717
119800000 185.497 290.334 394.754 870.585 2.12599e+07 241692 0.0236098
119900000 189.901 284.713 348.791 823.405 1.88582e+07 219609 0.0236179
120000000 206.87 292.289 357.222 856.38 2.15997e+07 238776 0.0236172
120100000 211.597 279.35 345.991 836.938 2.04514e+07 228973 0.0236096
120200000 206.456 281.936 340.677 829.069 1.98299e+07 224591 0.0236029
120300000 219.176 251.464 293.081 763.721 1.61531e+07 193050 0.0235785
120400000 222.319 247.19 293.693 763.201 1.61399e+07 192846 0.0235538
120500000 212.432 234.22 285.537 732.19 1.42072e+07 177292 0.0235327
120600000 212.841 230.075 292.275 735.191 1.43125e+07 178423 0.0235138
120700000 217.312 233.255 296.474 747.041 1.5028e+07 184270 0.0234941
120800000 215.281 264.877 316.037 796.194 1.80213e+07 208770 0.0234758
120900000 212.896 246.664 314.589 774.15 1.65203e+07 197087 0.0234608
121000000 211.397 247.952 327.453 786.801 1.71638e+07 202831 0.0234509
121100000 229.714 240.059 322.312 792.085 1.77739e+07 206558 0.0234334
121200000 229.409 235.14 318.869 783.418 1.72008e+07 202073 0.0234163
121300000 210.618 237.234 322.043 769.894 1.60911e+07 194193 0.023407
121400000 214.836 243.612 312.914 771.362 1.63768e+07 195791 0.0233914
121500000 197.468 251.782 314.003 763.254 1.56119e+07 190785 0.0233829
121600000 208.947 260.037 335.272 804.256 1.82167e+07 211571 0.0233754
121700000 216.119 270.971 334.03 821.121 1.95615e+07 221265 0.0233623
121800000 195.627 266.497 287.348 749.472 1.49806e+07 184924 0.023347
121900000 205.173 257.879 296.721 759.774 1.56995e+07 190307 0.0233294
122000000 224.562 249.537 317.614 791.713 1.7798e+07 206617 0.0233105
122100000 207.957 253.565 343.399 804.921 1.81076e+07 211217 0.0233084
122200000 200.994 266.333 356.506 823.833 1.90843e+07 220136 0.0233145
122300000 216.645 263.792 331.89 812.327 1.89672e+07 216601 0.0233014
122400000 196.636 292.87 342.284 831.79 1.97118e+07 225139 0.0233023
122500000 188.055 279.252 365.023 832.33 1.91691e+07 223093 0.0233202
122600000 178.193 300.665 360.429 839.287 1.93105e+07 226171 0.0233433
122700000 207.864 309.012 378.962 895.838 2.43417e+07 260109 0.0233517
122800000 189.846 261.075 391.584 842.505 1.94085e+07 226138 0.0233877
