# Radius of Gyration Tensor of DendrimerRGTensorAnalyzer: whole Molecule with endgroups
# time    R_1   R_2   R_3   Tr   D   M   <A>
61500000 259.753 330.89 517.805 1108.45 4.45052e+07 391788 0.043376
61600000 259.694 339.932 490.598 1090.22 4.33092e+07 382454 0.039103
61700000 261.688 311.986 463.168 1036.84 3.78145e+07 347351 0.0365123
61800000 265.617 315.727 475.418 1056.76 3.98696e+07 360243 0.0354794
61900000 268.564 345.251 475.36 1089.17 4.40762e+07 384505 0.0338743
62000000 283.199 335.144 463.027 1081.37 4.3947e+07 381222 0.0318762
62100000 279.918 341.098 408.081 1029.1 3.89634e+07 348905 0.0292053
62200000 304.199 352.229 396.582 1053.01 4.24928e+07 367475 0.0263606
62300000 304.847 363.71 378.107 1046.66 4.19229e+07 363662 0.0239791
62400000 299.96 345.355 392.218 1037.53 4.06308e+07 356696 0.0222604
62500000 304.562 361.719 388.194 1054.47 4.27656e+07 368811 0.0207084
62600000 282.852 353.395 394.942 1031.19 3.94779e+07 351240 0.0197895
62700000 282.801 404.539 423.14 1110.48 4.8409e+07 405245 0.0193155
62800000 255.865 387.426 395.058 1038.35 3.91616e+07 353266 0.0191601
62900000 260.948 372.765 390.318 1024.03 3.7967e+07 344621 0.0188443
63000000 273.11 360.124 437.747 1070.98 4.30539e+07 375549 0.018774
63100000 297.417 334.891 460.835 1093.14 4.59003e+07 390992 0.0187506
63200000 281.947 356.204 433.136 1071.29 4.35002e+07 376837 0.0185355
63300000 276.694 357.437 424.573 1058.7 4.19906e+07 368136 0.0183337
63400000 303.67 328.284 424.545 1056.5 4.23228e+07 367983 0.0179693
63500000 267.354 351.722 433.29 1052.37 4.07441e+07 362274 0.0180011
63600000 257.976 391.508 457.478 1106.96 4.62051e+07 398124 0.0183599
63700000 284.235 407.864 425.309 1117.41 4.93058e+07 410285 0.0181619
63800000 321.46 400.657 415.762 1137.88 5.35481e+07 429024 0.0175854
63900000 309.252 364.414 413.171 1086.84 4.65627e+07 391036 0.0171431
64000000 308.416 358.462 443.951 1110.83 4.90812e+07 406616 0.0169065
64100000 308.205 365.833 420.997 1095.03 4.74681e+07 396520 0.016561
64200000 275.018 357.177 414.296 1046.49 4.06964e+07 360146 0.0164543
64300000 298.085 319.332 439.936 1057.35 4.18767e+07 366812 0.0164292
64400000 310.665 336.731 438.171 1085.57 4.58373e+07 388281 0.0162624
64500000 282.429 365.012 432.904 1080.34 4.46281e+07 383370 0.0162078
64600000 296.238 401.856 420.735 1118.83 5.00863e+07 412757 0.0160238
64700000 294.665 381.589 395.337 1071.59 4.44521e+07 379789 0.0157749
64800000 304.301 387.4 399.346 1091.05 4.70774e+07 394114 0.015501
64900000 272.232 385.292 429.37 1086.89 4.50362e+07 387210 0.0155356
65000000 278.258 374.178 430.222 1082.66 4.47938e+07 384810 0.0155238
65100000 299.481 399.967 447.473 1146.92 5.35994e+07 432767 0.015447
65200000 283.065 341.76 472.306 1097.13 4.5691e+07 391849 0.0156638
65300000 272.16 392.644 457.339 1122.14 4.88721e+07 410902 0.0158132
65400000 279.858 372.583 424.631 1077.07 4.42763e+07 381316 0.0157656
65500000 275.848 359.94 452.11 1087.9 4.48895e+07 386735 0.0158633
65600000 247.226 366.824 436.196 1050.25 3.9558e+07 358535 0.0160666
65700000 305.266 397.289 437.358 1139.91 5.30422e+07 428546 0.0159245
65800000 291.515 372.827 424.49 1088.83 4.61356e+07 390691 0.0158192
65900000 305.355 353.802 410.732 1069.89 4.43735e+07 378772 0.015633
66000000 284.994 344.596 423.411 1053 4.15823e+07 364783 0.0155793
66100000 264.307 333.601 410.65 1008.56 3.62083e+07 333704 0.0155835
66200000 261.107 351.295 396.359 1008.76 3.63562e+07 334457 0.0155542
66300000 291.97 356.119 390.397 1038.49 4.05919e+07 356988 0.0153902
66400000 278.067 356.803 444.119 1078.99 4.40633e+07 381173 0.0154384
66500000 283.524 355.693 420.23 1059.45 4.23791e+07 369465 0.0153824
66600000 294.685 351.682 422.302 1068.67 4.37654e+07 376598 0.0152941
66700000 259.832 355.756 446.009 1061.6 4.12276e+07 366995 0.0154373
66800000 254.662 354.419 457.581 1066.66 4.12998e+07 368961 0.0156511
66900000 267.232 374.43 426.504 1068.17 4.26759e+07 373731 0.0156814
67000000 288.24 367.889 447.005 1103.13 4.74006e+07 399333 0.0156787
67100000 285.554 370.618 418.614 1074.79 4.43025e+07 380514 0.0156105
67200000 292.229 361.791 446.338 1100.36 4.71895e+07 397640 0.0155951
67300000 327.206 362.969 412.545 1102.72 4.89961e+07 403494 0.015398
67400000 306.915 379.765 392.681 1079.36 4.57691e+07 386202 0.0152321
67500000 296.296 363.886 398.48 1058.66 4.29633e+07 370887 0.015105
67600000 298.327 372.397 392.816 1063.54 4.36402e+07 374567 0.0149701
67700000 291.105 340.339 424.935 1056.38 4.21002e+07 367397 0.0149294
67800000 296.395 388.114 408.497 1093.01 4.69915e+07 394655 0.0148329
67900000 292.449 344.788 429.643 1066.88 4.33222e+07 374618 0.0147996
68000000 269.907 328.234 430.933 1029.07 3.81775e+07 346351 0.0148556
68100000 286.267 361.508 431.713 1079.49 4.4677e+07 383141 0.014837
68200000 281.274 368.423 422.642 1072.34 4.37975e+07 378217 0.0148141
68300000 263.166 355.691 447.411 1066.27 4.18803e+07 370489 0.0149223
68400000 249.918 410.809 437.68 1098.41 4.49359e+07 391855 0.0150822
68500000 270.655 397.116 419.177 1086.95 4.50538e+07 387396 0.0150998
68600000 264.455 365.047 436.144 1065.65 4.21047e+07 371092 0.0151621
68700000 261.63 384.777 438.869 1085.28 4.41805e+07 384357 0.0152438
68800000 274.876 370.045 455.302 1100.22 4.63117e+07 395350 0.0153138
68900000 252.197 382.276 455.347 1089.82 4.38996e+07 385315 0.0154703
69000000 267.614 380.701 482.831 1131.15 4.91913e+07 414908 0.0156404
69100000 277.739 353.97 431.034 1062.74 4.23756e+07 370600 0.01564
69200000 268.132 369.161 419.249 1056.54 4.14989e+07 366169 0.0156435
69300000 288.644 349.14 387.654 1025.44 3.90666e+07 348016 0.0155452
69400000 269.605 384.765 406.657 1061.03 4.21843e+07 369838 0.0155318
69500000 293.575 358.996 401.646 1054.22 4.23304e+07 367495 0.0154423
69600000 235.661 374.368 411.921 1021.95 3.63412e+07 339507 0.0155452
69700000 259.699 401.562 412.38 1073.64 4.30052e+07 376976 0.0155855
69800000 257.267 393.969 422.396 1073.63 4.28119e+07 376434 0.0156414
69900000 239.071 372.707 443.73 1055.51 3.95379e+07 360568 0.0157941
70000000 232.274 379.652 453.198 1065.12 3.99645e+07 365507 0.0159963
70100000 202.321 419.958 449.001 1071.28 3.815e+07 364370 0.0163569
70200000 217.33 412.428 439.868 1069.63 3.94266e+07 366643 0.0166078
70300000 224.985 372.814 461.288 1059.09 3.86918e+07 359635 0.0168431
70400000 262.143 389.439 423.489 1075.07 4.32334e+07 378026 0.0168646
70500000 299.756 349.076 398.773 1047.61 4.17267e+07 363374 0.0167582
70600000 293.372 390.291 422.423 1106.09 4.83677e+07 403296 0.0166925
70700000 277.193 365.013 419.597 1061.8 4.24545e+07 370647 0.0166614
70800000 288.625 363.637 369.38 1021.64 3.87682e+07 345887 0.016557
70900000 294.404 346.886 392.23 1033.52 4.00563e+07 353658 0.016461
71000000 257.485 357.814 416.73 1032.03 3.83941e+07 348545 0.0164783
71100000 246.945 373.786 442.774 1063.5 4.087e+07 367148 0.0165766
71200000 253.724 340.103 472.317 1066.14 4.07573e+07 366767 0.0167322
71300000 258.98 363.659 440.005 1062.65 4.144e+07 368146 0.0167839
71400000 265.71 343.578 457.647 1066.93 4.17795e+07 370131 0.016861
71500000 278.706 309.16 442.009 1029.88 3.80856e+07 346007 0.0169018
71600000 297.565 332.658 417.553 1047.78 4.13326e+07 362139 0.0168409
71700000 307.738 341.622 379.259 1028.62 3.98715e+07 351405 0.0167225
71800000 316.711 353.868 387.658 1058.24 4.34465e+07 372030 0.0165971
71900000 321.29 356.222 394.659 1072.17 4.5169e+07 381837 0.0164722
72000000 308.387 374.757 401.2 1084.34 4.63668e+07 389648 0.0163693
72100000 293.83 376.589 426.418 1096.84 4.71844e+07 396532 0.0163185
72200000 285.547 390.63 437.654 1113.83 4.88173e+07 407475 0.0163019
72300000 246.089 402.11 454.783 1102.98 4.5003e+07 393745 0.0164257
72400000 277.861 372.405 448.785 1099.05 4.64388e+07 395306 0.0164428
72500000 329.126 354.752 431.51 1115.39 5.03823e+07 411858 0.0163492
72600000 318.043 328.225 482.363 1128.63 5.03536e+07 416125 0.016385
72700000 326.052 349.091 461.638 1136.78 5.25444e+07 425493 0.0163436
72800000 315.285 333.013 407.168 1055.47 4.27502e+07 368960 0.0162593
72900000 317.683 359.648 439.244 1116.58 5.01855e+07 411768 0.0161926
73000000 310.609 326.616 438.536 1075.76 4.44894e+07 380896 0.0161615
73100000 301.514 334.961 424.831 1061.31 4.29059e+07 371389 0.016117
73200000 269.737 332.649 402.522 1004.91 3.61174e+07 332202 0.0160946
73300000 259.279 308.754 418.954 986.986 3.35386e+07 318033 0.0161265
73400000 283.652 288.508 459.379 1031.54 3.75938e+07 344675 0.01622
73500000 280.178 342.218 435.208 1057.6 4.17286e+07 366754 0.0162209
73600000 286.546 361.586 481.444 1129.58 4.98831e+07 415651 0.01628
73700000 304.507 379.986 514.252 1198.74 5.95031e+07 467710 0.0163538
73800000 308.76 377.038 502.02 1187.82 5.84422e+07 460698 0.0163939
73900000 292.954 364.901 484.002 1141.86 5.17393e+07 425302 0.0164393
74000000 292.618 330.09 520.961 1143.67 5.03198e+07 420997 0.0166004
74100000 259.94 347.618 493.55 1101.11 4.45971e+07 390220 0.0167477
74200000 263.515 341.225 459.94 1064.68 4.13569e+07 368062 0.0168177
74300000 241.343 343.322 428.229 1012.89 3.54823e+07 333229 0.0168782
74400000 259.249 358.23 468.253 1085.73 4.34871e+07 382007 0.016964
74500000 225.91 358.964 454.975 1039.85 3.68957e+07 347197 0.017105
74600000 249.467 340.835 378.059 968.361 3.21452e+07 308196 0.0170859
74700000 266.297 333.516 442.242 1042.06 3.92774e+07 354077 0.0171191
74800000 259.598 326.428 440.718 1026.74 3.73464e+07 343012 0.0171652
74900000 270.518 363.697 456.04 1090.25 4.48682e+07 387614 0.0172
75000000 229.385 411.102 447.999 1088.49 4.22467e+07 381239 0.017332
75100000 259.256 385.133 502.57 1146.96 5.01807e+07 423699 0.0174687
75200000 281.234 345.917 471.989 1099.14 4.59167e+07 393292 0.0175134
75300000 297.796 408.773 451.476 1158.05 5.49586e+07 440730 0.0174847
75400000 284.549 330.772 464.697 1080.02 4.37377e+07 380059 0.017521
75500000 250.286 332.951 410.864 994.101 3.42385e+07 322964 0.0175334
75600000 275.136 387.833 403.357 1066.33 4.3041e+07 374120 0.0175015
75700000 265.684 364.676 401.477 1031.84 3.88986e+07 349964 0.0174782
75800000 293.973 351.061 420.587 1065.62 4.34057e+07 374496 0.0174314
75900000 283.208 393.027 435.64 1111.87 4.84903e+07 405903 0.0174135
76000000 300.482 366.845 419.772 1087.1 4.62716e+07 390356 0.017355
76100000 292.029 345.582 422.178 1059.79 4.26061e+07 370105 0.0173158
76200000 282.99 348.521 389.805 1021.32 3.84457e+07 344794 0.017261
76300000 275.499 318.492 386.12 980.11 3.38797e+07 317096 0.0172188
76400000 262.307 332.203 376.332 970.842 3.27932e+07 310872 0.0171822
76500000 261.857 352.76 392.263 1006.88 3.62344e+07 333464 0.0171592
76600000 282.368 355.917 439.346 1077.63 4.4154e+07 380927 0.0171511
76700000 291.57 339.105 415.854 1046.53 4.11166e+07 361141 0.0171114
76800000 294.11 331.395 458.094 1083.6 4.46488e+07 384006 0.0171231
76900000 296.609 383.707 417.089 1097.4 4.74692e+07 397563 0.0170725
77000000 297.726 373.564 412.98 1084.27 4.59315e+07 388449 0.0170181
77100000 334.509 406.116 440.11 1180.74 5.97888e+07 461806 0.0169351
77200000 297.974 402.19 428.583 1128.75 5.13623e+07 419920 0.0168952
77300000 290.41 367.525 416.097 1074.03 4.44113e+07 380498 0.0168547
77400000 301.739 362.066 413.522 1077.33 4.51771e+07 383748 0.0167995
77500000 263.593 343.504 472.137 1079.23 4.27497e+07 377178 0.016873
77600000 283.741 325.638 453.227 1062.61 4.18769e+07 368585 0.0168962
77700000 304.872 342.465 409.315 1056.65 4.27358e+07 369373 0.0168405
77800000 315.576 343.572 418.921 1078.07 4.54208e+07 384554 0.0167823
77900000 319.247 330.122 427.152 1076.52 4.50178e+07 382770 0.0167357
78000000 290.93 314.63 426.462 1032.02 3.90363e+07 349784 0.0167247
78100000 311.856 344.085 421.196 1077.14 4.51964e+07 383584 0.0166731
78200000 278.148 356.806 447.927 1082.88 4.44545e+07 383658 0.016684
78300000 293.607 368.288 431.671 1093.57 4.66773e+07 393852 0.0166551
78400000 261.171 339.946 465.76 1066.88 4.1352e+07 368760 0.0167214
78500000 273.785 322.442 455.314 1051.54 4.0195e+07 359750 0.016762
78600000 228.763 364.606 490.045 1083.41 4.08738e+07 374186 0.0169211
78700000 263.791 347.236 497.979 1109.01 4.56139e+07 395877 0.0170287
78800000 231.438 344.673 459.217 1035.33 3.66319e+07 344330 0.0171317
78900000 236.395 326.877 483.647 1046.92 3.73725e+07 349697 0.0172714
79000000 281.671 358.878 460.022 1100.57 4.65017e+07 395753 0.0172866
79100000 267.022 398.95 473.758 1139.73 5.04685e+07 422037 0.0173376
79200000 283.856 364.12 482.283 1130.26 4.98476e+07 415865 0.0173753
79300000 258.622 355.107 449.685 1063.41 4.12983e+07 367823 0.0174127
79400000 289.226 362.903 438.88 1091.01 4.60653e+07 391167 0.0173938
79500000 251.233 406.34 462.081 1119.65 4.71721e+07 405938 0.0174608
79600000 240.973 433.924 446.674 1121.57 4.67061e+07 406023 0.0175459
79700000 251.781 383.403 462.426 1097.61 4.46396e+07 390259 0.0176066
79800000 263.976 393.321 413.814 1071.11 4.29652e+07 375826 0.0176047
79900000 289.649 389.973 439.737 1119.36 4.96706e+07 411810 0.0175835
80000000 280.142 372.625 475.306 1128.07 4.96162e+07 414652 0.0176124
80100000 282.451 362.896 451.845 1097.19 4.63142e+07 394097 0.017614
80200000 286.878 339.909 509.901 1136.69 4.97217e+07 417112 0.0176965
80300000 296.59 321.668 483.77 1102.03 4.61533e+07 394498 0.0177398
80400000 297.725 343.934 461.413 1103.07 4.72476e+07 398467 0.0177388
80500000 300.111 366.761 425.507 1092.38 4.68352e+07 393828 0.0176965
80600000 299.311 341.32 446.902 1087.53 4.56558e+07 388460 0.0176804
80700000 310.371 358.838 447.85 1117.06 4.98783e+07 411078 0.017647
80800000 318.726 371.258 423.333 1113.32 5.00928e+07 410422 0.0175863
80900000 326.959 372.321 405.998 1105.28 4.94236e+07 405640 0.0175121
81000000 288.784 379.422 407.49 1075.7 4.4649e+07 381858 0.0174738
81100000 291.773 399.985 429.211 1120.97 5.00909e+07 413615 0.0174465
81200000 286.187 388.303 455.646 1130.14 5.06347e+07 418456 0.0174446
81300000 291.329 335.264 417.198 1043.79 4.07486e+07 359085 0.0174153
81400000 303.531 358.16 448.166 1109.86 4.87212e+07 405260 0.0173918
81500000 283.954 363.904 458.182 1106.04 4.73449e+07 400169 0.0173985
81600000 316.371 349.421 431.286 1097.08 4.76773e+07 397694 0.017354
81700000 301.793 351.275 430.422 1083.49 4.563e+07 387107 0.0173211
81800000 329.992 346.363 408.121 1084.48 4.66471e+07 390332 0.0172566
81900000 328.516 384.751 412.262 1125.53 5.21086e+07 420450 0.0171878
82000000 301.847 355.542 435.951 1093.34 4.6786e+07 393909 0.0171591
82100000 276.112 344.209 400.525 1020.85 3.8066e+07 343495 0.0171331
82200000 249.925 403.291 433.087 1086.3 4.3652e+07 383692 0.0171694
82300000 273.801 359.914 464.039 1097.76 4.57288e+07 392614 0.0171963
82400000 289.551 376.427 393.738 1059.72 4.29154e+07 371216 0.0171555
82500000 287.359 396.302 430.877 1114.54 4.90687e+07 408455 0.0171372
82600000 303.165 367.911 472.954 1144.03 5.27523e+07 428926 0.0171356
82700000 258.054 334.408 440.545 1033.01 3.80169e+07 347301 0.0171635
82800000 246.968 354.539 458.83 1060.34 4.01751e+07 363549 0.0172213
82900000 285.044 344.19 432.774 1062.01 4.24592e+07 370426 0.0172099
83000000 281.24 321.657 467.256 1070.15 4.22692e+07 372170 0.0172458
83100000 251.053 347.596 473.199 1071.85 4.12937e+07 370545 0.0173148
83200000 239.367 350.916 494.792 1085.07 4.15613e+07 376065 0.0174286
83300000 265.85 363.403 462.56 1091.81 4.46883e+07 387678 0.017461
83400000 245.719 386.744 448.216 1080.68 4.2594e+07 378510 0.0175077
83500000 252.659 375.394 421.935 1049.99 4.00191e+07 359844 0.0175219
83600000 287.767 360.38 443.573 1091.72 4.60009e+07 391206 0.0175116
83700000 267.139 367.239 467.273 1101.65 4.58412e+07 394531 0.0175455
83800000 285.843 413.849 455.591 1155.28 5.38944e+07 437069 0.0175457
83900000 276.48 396.688 432.684 1105.85 4.74552e+07 400945 0.0175404
84000000 283.391 385.264 413.385 1082.04 4.51335e+07 385592 0.0175157
84100000 287.427 375.183 475.594 1138.2 5.12869e+07 422971 0.0175305
84200000 307.35 358.686 490.991 1157.03 5.41279e+07 437260 0.0175435
84300000 277.146 333.481 454.36 1064.99 4.19933e+07 369867 0.0175611
84400000 292.766 338.779 449.23 1080.78 4.4556e+07 382892 0.017557
84500000 280.221 326.788 420.687 1027.7 3.85235e+07 346934 0.0175451
84600000 272.198 312.565 479.46 1064.22 4.07923e+07 365450 0.0176057
84700000 256.497 365.1 517.252 1138.85 4.8439e+07 415169 0.0177112
84800000 258.831 383.896 482.811 1125.54 4.7974e+07 409679 0.0177675
84900000 232.701 340.996 486.505 1060.2 3.86043e+07 358457 0.0178724
85000000 228.096 361.515 457.952 1047.56 3.77628e+07 352474 0.0179464
85100000 278.145 386.58 418.407 1083.13 4.49893e+07 385651 0.0179289
85200000 278.331 400.991 457.845 1137.17 5.10993e+07 422633 0.0179364
85300000 268.821 426.262 453.179 1148.26 5.19289e+07 429585 0.0179583
85400000 244.721 399.391 430.689 1074.8 4.20953e+07 375151 0.0179904
85500000 260.596 409.301 455.596 1125.49 4.85949e+07 411865 0.0180202
85600000 265.657 371.809 486.283 1123.75 4.80318e+07 408762 0.0180689
85700000 276.503 336.789 492.668 1105.96 4.58788e+07 395273 0.0181226
85800000 257.144 363.156 547.838 1168.14 5.1159e+07 433207 0.0182637
85900000 250.157 366.948 529.065 1146.17 4.85654e+07 418284 0.0183856
86000000 241.098 370.717 520.951 1132.77 4.65621e+07 408104 0.0185082
86100000 236.97 361.236 486.449 1084.66 4.16411e+07 376599 0.0185945
86200000 252.073 395.323 439.935 1087.33 4.38395e+07 384462 0.0186184
86300000 242.211 394.682 440.212 1077.11 4.20827e+07 375964 0.018655
86400000 208.998 384.025 457.231 1050.25 3.66976e+07 351409 0.0187516
86500000 220.222 391.259 453.356 1064.84 3.9063e+07 363383 0.0188283
86600000 272.211 404.298 463.468 1139.98 5.10068e+07 423595 0.0188429
86700000 288.87 382.493 438.641 1110 4.84657e+07 404978 0.0188224
86800000 280.406 374.944 434.292 1089.64 4.56599e+07 389749 0.018808
86900000 276.941 361.489 424.597 1063.03 4.2507e+07 371187 0.018792
87000000 269.356 336.557 467.079 1072.99 4.23424e+07 373663 0.018821
87100000 274.374 341.976 431.823 1048.17 4.05177e+07 359984 0.0188145
87200000 270.158 384.144 439.019 1093.32 4.55613e+07 391031 0.0188137
87300000 244.975 388.422 450.709 1084.11 4.28866e+07 380631 0.018851
87400000 268.823 326.154 501.451 1096.43 4.39661e+07 386030 0.0189214
87500000 278.206 338.281 486.402 1102.89 4.57761e+07 393972 0.0189589
87600000 298.45 344.467 474.607 1117.52 4.87926e+07 407939 0.0189633
87700000 310.936 361.703 449.257 1121.9 5.05264e+07 414654 0.0189335
87800000 322.735 370.476 448.976 1142.19 5.36821e+07 430801 0.018893
87900000 318.771 358.401 446.196 1123.37 5.09769e+07 416399 0.0188572
88000000 305.41 339.964 416.206 1061.58 4.3214e+07 372437 0.0188199
88100000 289.537 368.043 449.655 1107.23 4.79161e+07 402246 0.0188077
88200000 260.298 374.907 487.781 1122.99 4.76013e+07 407428 0.0188558
88300000 257.229 341.062 451.653 1049.94 3.96241e+07 357951 0.0188803
88400000 257.766 329.233 503.919 1090.92 4.27652e+07 380665 0.0189615
88500000 259.781 322.545 506.711 1089.04 4.24578e+07 378862 0.0190463
88600000 229.207 358.202 492.304 1079.71 4.04193e+07 371286 0.0191396
88700000 253.005 359.735 460.226 1072.97 4.18873e+07 373013 0.0191715
88800000 253.693 369.403 492.192 1115.29 4.61258e+07 400398 0.0192302
88900000 276.663 348.412 467.246 1092.32 4.50391e+07 388456 0.0192452
89000000 280.246 366.576 446.878 1093.7 4.59084e+07 391782 0.0192385
89100000 272.216 360.305 446.216 1078.74 4.37652e+07 380321 0.0192395
89200000 257.951 356.416 420.995 1035.36 3.87055e+07 350584 0.0192382
89300000 267.329 353.015 440.758 1061.1 4.15948e+07 367792 0.019241
89400000 273.009 359.572 419.601 1052.18 4.11907e+07 363598 0.0192257
89500000 297.606 346.276 451.065 1094.95 4.6484e+07 393486 0.0192117
89600000 291.657 341.156 468.78 1101.59 4.66439e+07 396151 0.019217
89700000 281.732 367.689 497.546 1146.97 5.15406e+07 426706 0.0192476
89800000 271.872 339.732 486.65 1098.25 4.49489e+07 390001 0.0192865
89900000 274.625 351.075 485.101 1110.8 4.67705e+07 399942 0.0193172
90000000 271.352 297.382 502.461 1071.2 4.05462e+07 366462 0.0193945
90100000 268.954 311.748 500.616 1081.32 4.19747e+07 374555 0.0194627
90200000 267.978 293.129 464.018 1025.12 3.64495e+07 338915 0.0195033
90300000 284.902 306.333 446.214 1037.45 3.89433e+07 351092 0.0195093
90400000 288.86 297.608 429.056 1015.52 3.68847e+07 337595 0.0195045
90500000 286.733 340.638 415.624 1043 4.05949e+07 358423 0.0194791
90600000 313.618 341.427 421.096 1076.14 4.50899e+07 382914 0.0194404
90700000 277.42 382.265 500.451 1160.14 5.30717e+07 436188 0.019473
90800000 281.149 381.327 487.447 1149.92 5.2259e+07 430131 0.019491
90900000 274.044 356.374 475.874 1106.29 4.64749e+07 397662 0.0195113
91000000 273.978 379.108 495.105 1148.19 5.14252e+07 427214 0.019543
91100000 264.284 331.91 491.617 1087.81 4.31238e+07 380817 0.019594
91200000 289.164 336.532 444.798 1070.49 4.32846e+07 375621 0.0195844
91300000 255.039 375.118 455.707 1085.86 4.35974e+07 382837 0.0196058
91400000 217.619 384.753 474.018 1076.39 3.96893e+07 369265 0.0196858
91500000 251.348 382.86 484.991 1119.2 4.66712e+07 403816 0.0197326
91600000 240.127 386.153 454.121 1080.4 4.21087e+07 377133 0.0197688
91700000 251.527 382.77 450.751 1085.05 4.33969e+07 382187 0.0197899
91800000 269.427 420.694 473.633 1163.75 5.36846e+07 440210 0.0198093
91900000 246.135 416.522 462.668 1125.32 4.7433e+07 409110 0.0198482
92000000 280.328 406.854 445.345 1132.53 5.07927e+07 420085 0.0198396
92100000 241.943 382.168 434.71 1058.82 4.01946e+07 363770 0.0198606
92200000 263.478 396.226 477.644 1137.35 4.98646e+07 419501 0.0198865
92300000 261.751 409.735 427.242 1098.73 4.58211e+07 394135 0.0198887
92400000 275.371 376.2 424.028 1075.6 4.3927e+07 379879 0.0198729
92500000 238.621 405.625 446.295 1090.54 4.31973e+07 384315 0.0199077
92600000 259.004 399.491 446.341 1104.84 4.61827e+07 397383 0.0199192
92700000 250.089 341.544 457.669 1049.3 3.90925e+07 356189 0.0199479
92800000 259.727 351.927 453.044 1064.7 4.14104e+07 368511 0.0199627
92900000 272.125 328.218 454.733 1055.08 4.0615e+07 362312 0.0199736
93000000 282.067 290.823 422.574 995.464 3.46644e+07 324120 0.0199703
93100000 299.543 317.362 412.401 1029.31 3.92043e+07 349476 0.0199431
93200000 297.27 319.913 423.576 1040.76 4.02824e+07 356525 0.0199216
93300000 300.113 329.346 406.271 1035.73 4.01563e+07 354572 0.0198886
93400000 225.02 349.996 379.978 954.993 2.99256e+07 297249 0.0198943
93500000 274.816 373.624 383.282 1031.72 3.93545e+07 351213 0.0198667
93600000 299.457 353.153 390.879 1043.49 4.13371e+07 360846 0.0198261
93700000 286.754 376.039 412.85 1075.64 4.4518e+07 381465 0.0197987
93800000 281.253 391.409 406.277 1078.94 4.4725e+07 383372 0.0197749
93900000 295.621 388.381 423.025 1107.03 4.85689e+07 404163 0.0197454
94000000 290.316 388.566 438.278 1117.16 4.94408e+07 410346 0.0197254
94100000 304.484 343.987 466.042 1114.51 4.88125e+07 406953 0.0197169
94200000 277.852 371.594 450.337 1099.78 4.64964e+07 395718 0.0197131
94300000 273.126 352.849 449.238 1075.21 4.32941e+07 377584 0.0197145
94400000 278.526 334.62 432.018 1045.16 4.02643e+07 358091 0.0197056
94500000 255.097 328.083 441.588 1024.77 3.69579e+07 341219 0.0197206
94600000 261.105 380.012 434.102 1075.22 4.30729e+07 377533 0.0197224
94700000 248.246 396.035 485.072 1129.35 4.76895e+07 410837 0.019768
94800000 229.066 341.095 460.235 1030.4 3.59598e+07 340542 0.0198168
94900000 255.255 336.064 481.505 1072.82 4.13045e+07 370505 0.0198593
95000000 253.626 360.507 487.832 1101.96 4.46044e+07 391028 0.0199028
95100000 279.686 371.49 462.796 1113.97 4.80848e+07 405262 0.019904
95200000 257.985 344.304 475.731 1078.02 4.22569e+07 375353 0.0199367
95300000 249.197 387.29 465.618 1102.11 4.49376e+07 392872 0.0199664
95400000 244.274 396.466 508.702 1149.44 4.92659e+07 422792 0.0200329
95500000 244.348 394.605 504.439 1143.39 4.86386e+07 418735 0.0200954
95600000 261.301 415.944 495.875 1173.12 5.3895e+07 444515 0.0201328
95700000 275.703 398.795 530.391 1204.89 5.83159e+07 467696 0.0201811
95800000 246.892 445.046 513.338 1205.28 5.64046e+07 465076 0.0202509
95900000 245.326 412.802 527.824 1185.95 5.34533e+07 448647 0.02033
96000000 249.731 407.367 520.02 1177.12 5.29028e+07 443436 0.0203967
96100000 273.09 382.001 487.011 1142.1 5.08052e+07 423356 0.0204157
96200000 279.948 370.704 460.475 1111.13 4.77871e+07 403387 0.0204138
96300000 258.514 388.513 422.886 1069.91 4.24729e+07 374054 0.0204118
96400000 267.679 372.884 438.871 1079.43 4.3805e+07 380937 0.0204084
96500000 258.002 373.738 463.94 1095.68 4.47355e+07 389514 0.0204265
96600000 262.361 347.048 427.986 1037.39 3.89688e+07 351870 0.0204231
96700000 280.163 337.759 434.374 1052.3 4.11037e+07 363037 0.0204125
96800000 255.535 378.078 439.742 1073.35 4.24843e+07 375238 0.0204193
96900000 253.946 413.601 443.526 1111.07 4.65846e+07 401107 0.0204336
97000000 268.427 422.529 456.093 1147.05 5.17292e+07 428558 0.0204412
97100000 283.537 417.041 437.768 1138.35 5.17647e+07 424938 0.0204281
97200000 260.413 384.342 409.154 1053.91 4.09513e+07 363892 0.0204195
97300000 286.786 386.396 429.437 1102.62 4.75872e+07 399903 0.0203987
97400000 288.076 347.117 422.154 1057.35 4.22136e+07 368145 0.0203768
97500000 293.382 359.27 423.636 1076.29 4.46527e+07 381891 0.0203512
97600000 264.437 333.467 432.445 1030.35 3.81335e+07 346742 0.0203507
97700000 266.329 330.86 428.462 1025.65 3.77549e+07 343990 0.0203474
97800000 283.54 388.291 412.245 1084.08 4.53866e+07 387055 0.0203243
97900000 279.792 348.46 387.279 1015.53 3.77583e+07 340805 0.0202962
98000000 306.586 328.741 438.351 1073.68 4.41802e+07 379283 0.0202765
98100000 332.939 341.788 399.34 1074.07 4.54427e+07 383240 0.0202312
98200000 299.562 327.442 383.822 1010.83 3.76488e+07 338747 0.0201962
98300000 276.139 340.594 369.549 986.283 3.47566e+07 321965 0.0201667
98400000 281.328 326.027 384.968 992.323 3.53094e+07 325533 0.0201396
98500000 278.427 343.643 373.824 995.894 3.57673e+07 328224 0.02011
98600000 276.387 351.066 403.014 1030.47 3.91045e+07 349902 0.0200889
98700000 285.037 334.427 407.692 1027.16 3.88628e+07 347874 0.0200666
98800000 302.677 377.299 394.126 1074.1 4.50091e+07 382196 0.02003
98900000 270.882 347.453 410.461 1028.8 3.8632e+07 347921 0.0200151
99000000 276.644 336.639 400.019 1013.3 3.72535e+07 338455 0.0199943
99100000 276.01 329.659 429.448 1035.12 3.90752e+07 351093 0.019987
99200000 282.615 304.698 443.933 1031.25 3.8228e+07 346840 0.0199908
99300000 282.222 339.972 419.792 1041.99 4.02779e+07 357139 0.0199742
99400000 270.123 327.736 413.677 1011.54 3.66225e+07 335850 0.0199634
99500000 269.277 325.123 413.265 1007.67 3.61806e+07 333193 0.0199534
99600000 261.551 340.038 384.644 986.233 3.42092e+07 320335 0.019936
99700000 303.391 342.699 415.445 1061.54 4.31946e+07 372387 0.0199075
99800000 292.574 350.201 389.754 1032.53 3.99341e+07 352984 0.0198762
99900000 291.289 332.537 428.691 1052.52 4.15249e+07 364293 0.0198604
100000000 310.176 341.456 408.095 1059.73 4.32218e+07 371839 0.0198276
100100000 294.976 351.585 469.713 1116.27 4.87135e+07 407407 0.0198257
100200000 266.508 362.579 441.561 1070.65 4.26681e+07 374410 0.0198264
100300000 243.421 378.619 447.682 1069.72 4.12601e+07 370640 0.0198477
100400000 264.28 395.366 412.546 1072.19 4.31058e+07 376622 0.019841
100500000 239.69 392.773 417.516 1049.98 3.93065e+07 358207 0.019854
100600000 250.642 400.169 447.78 1098.59 4.4912e+07 391719 0.019871
100700000 246.484 364.733 442.309 1053.53 3.9764e+07 360248 0.0198865
100800000 240.561 373.427 408.888 1022.88 3.67312e+07 340884 0.0198926
100900000 255.804 370.998 391.562 1018.36 3.71603e+07 340335 0.0198827
101000000 281.309 340.546 426.568 1048.42 4.08646e+07 361062 0.0198701
101100000 262.181 317.211 453.92 1033.31 3.7751e+07 346164 0.0198874
101200000 241.779 311.452 485.166 1038.4 3.65343e+07 343712 0.0199427
101300000 256.177 335.377 447.283 1038.84 3.84287e+07 350508 0.0199559
101400000 253.133 358.268 467.523 1078.92 4.23995e+07 376534 0.01998
101500000 277.589 404.055 466.007 1147.65 5.22678e+07 429812 0.0199829
101600000 257.139 412.398 457.637 1127.17 4.85294e+07 412448 0.0199995
101700000 273.741 378.01 446.495 1098.25 4.62018e+07 394480 0.0199965
101800000 264.567 374.194 409.339 1048.1 4.05243e+07 360469 0.0199862
101900000 274.258 355.089 388.613 1017.96 3.78455e+07 341959 0.0199643
102000000 272.576 344.934 438.38 1055.89 4.1217e+07 364726 0.019961
102100000 265.988 371.574 445.84 1083.4 4.40642e+07 383085 0.0199633
102200000 285.629 319.469 487.033 1092.13 4.44416e+07 385952 0.0199866
102300000 258.733 348.006 507.864 1114.6 4.57283e+07 398181 0.0200347
102400000 258.055 332.881 506.346 1097.28 4.34958e+07 385119 0.020086
102500000 256.959 348.732 518.445 1124.13 4.64576e+07 403627 0.0201432
102600000 245.339 374.161 481.546 1101.05 4.42042e+07 390114 0.0201796
102700000 226.645 361.687 499.661 1087.99 4.09595e+07 375941 0.020246
102800000 254.484 349.384 505.742 1109.61 4.49668e+07 394314 0.0202944
102900000 271.774 347.816 478.483 1098.07 4.52297e+07 390991 0.0203116
103000000 251.498 410.864 456.708 1119.07 4.71923e+07 405837 0.0203308
103100000 258.71 421.82 486.178 1166.71 5.3056e+07 439987 0.0203587
103200000 266.7 405.599 507.49 1179.79 5.48968e+07 449358 0.0203904
103300000 236.845 376.986 509.151 1122.98 4.54607e+07 401820 0.0204515
103400000 240.692 365.528 509.198 1115.42 4.4799e+07 396665 0.0205099
103500000 227.368 415.356 500.913 1143.64 4.73055e+07 416387 0.0205748
103600000 223.482 410.086 490.094 1123.66 4.49156e+07 402155 0.0206359
103700000 228.311 378.035 501.886 1108.23 4.33175e+07 390626 0.0206984
103800000 231.373 354.731 498.658 1084.76 4.09274e+07 374340 0.0207576
103900000 247.569 344.653 455.002 1047.22 3.88233e+07 354788 0.0207768
104000000 251.91 358.064 432.693 1042.67 3.90289e+07 354131 0.0207811
104100000 257.373 357.907 436.757 1052.04 4.02321e+07 360844 0.0207836
104200000 235.603 326.164 430.595 992.363 3.30893e+07 318740 0.0207998
104300000 277.043 348.783 392.749 1018.57 3.79504e+07 342420 0.0207772
104400000 273.757 379.869 416.723 1070.35 4.33357e+07 376373 0.0207627
104500000 281.403 357.604 441.681 1080.69 4.44468e+07 382869 0.0207529
104600000 282.28 407.57 418.026 1107.88 4.80934e+07 403424 0.0207363
104700000 293.568 380.655 457.972 1132.2 5.11776e+07 420524 0.0207239
104800000 272.956 370.362 488.803 1132.12 4.94144e+07 415549 0.0207406
104900000 243.918 352.696 473.48 1070.09 4.07329e+07 368514 0.0207717
105000000 234.026 365.917 443.239 1043.18 3.79565e+07 351553 0.0207932
105100000 215.304 348.299 459.954 1023.56 3.44921e+07 334222 0.0208387
105200000 247.939 348.622 468.802 1065.36 4.05218e+07 366106 0.0208641
105300000 252.659 319.13 451.632 1023.42 3.64157e+07 338870 0.0208816
105400000 285.279 333.2 473.436 1091.92 4.50025e+07 387866 0.0208889
105500000 249.19 361.329 520.575 1131.09 4.68723e+07 407860 0.0209453
105600000 251.898 347.246 499.91 1099.05 4.37273e+07 386988 0.0209872
105700000 252.157 366.022 483.055 1101.23 4.45836e+07 390910 0.0210153
105800000 249.257 378.402 516.964 1144.62 4.87597e+07 418796 0.0210659
105900000 245.687 398.409 514.819 1158.92 5.03925e+07 429477 0.0211165
106000000 218.566 376.115 498.807 1093.49 4.10049e+07 378837 0.0211816
106100000 235.055 409.376 483.285 1127.72 4.65044e+07 407669 0.0212233
106200000 238.312 422.461 456.068 1116.84 4.59159e+07 402035 0.0212514
106300000 245.907 401.738 451.741 1099.39 4.46276e+07 391358 0.0212683
106400000 263.767 376.398 441.106 1081.27 4.37937e+07 381663 0.021267
106500000 250.828 368.433 394.634 1013.9 3.64694e+07 336795 0.0212589
106600000 267.03 374.435 401.111 1042.58 4.01052e+07 357284 0.0212438
106700000 303.03 366.82 410.72 1080.57 4.56546e+07 386278 0.0212136
106800000 323.515 347.677 429.578 1100.77 4.83185e+07 400809 0.0211826
106900000 299.195 369.216 444.633 1113.04 4.91175e+07 407665 0.0211632
107000000 329.632 372.667 443.487 1145.79 5.44793e+07 434303 0.0211297
107100000 296.199 422.472 448.28 1166.95 5.60957e+07 447301 0.021113
107200000 281.034 385.98 448.257 1115.27 4.8624e+07 407467 0.021104
107300000 287.48 385.297 475.669 1148.45 5.26876e+07 430784 0.0211017
107400000 282.279 431.22 467.087 1180.59 5.68559e+07 454991 0.0211006
107500000 299.786 366.868 405.603 1072.26 4.46091e+07 380380 0.0210716
107600000 318.126 368.357 411.953 1098.44 4.82743e+07 399983 0.0210368
107700000 297.422 338.71 450.568 1086.7 4.53901e+07 387360 0.0210257
107800000 272.305 351.128 395.841 1019.27 3.78479e+07 342394 0.0210071
107900000 271.549 366.287 428.395 1066.23 4.26103e+07 372711 0.0209977
108000000 247.919 354.038 404.339 1006.3 3.54901e+07 331168 0.0209937
108100000 282.225 339.687 370.097 992.009 3.54805e+07 326036 0.0209669
108200000 243.484 357.827 399.807 1001.12 3.48333e+07 327534 0.0209644
108300000 237.97 391.094 451.184 1080.25 4.1991e+07 376892 0.0209859
108400000 241.534 395.046 427.758 1064.34 4.08154e+07 367719 0.0209966
108500000 197.442 384.719 473.627 1055.79 3.59765e+07 351687 0.0210623
108600000 226.888 372.515 462.278 1061.68 3.90714e+07 361610 0.021096
108700000 246.561 384.483 467.41 1098.45 4.43098e+07 389755 0.0211174
108800000 271.917 373.439 435.275 1080.63 4.41997e+07 382452 0.0211098
108900000 289.29 377.328 476.67 1143.29 5.2032e+07 426914 0.0211076
109000000 287.481 393.003 438.597 1119.08 4.95532e+07 411440 0.0210925
109100000 285.648 388.102 444.161 1117.91 4.924e+07 410114 0.02108
109200000 276.447 421.515 448.599 1146.56 5.22737e+07 429632 0.0210764
109300000 274.871 366.298 402.423 1043.59 4.05179e+07 358706 0.0210586
109400000 290.892 345.838 448.601 1085.33 4.51299e+07 386239 0.0210487
109500000 309.117 351.306 463.915 1124.34 5.03788e+07 414975 0.0210355
109600000 290.933 317.022 471.576 1079.53 4.34945e+07 378929 0.0210428
109700000 260.563 370.687 481.367 1112.62 4.64939e+07 400450 0.0210614
109800000 272.094 400.391 462.243 1134.73 5.03587e+07 419796 0.0210633
109900000 303.521 408.495 426.843 1138.86 5.29228e+07 427905 0.0210386
110000000 265.455 413.732 435.843 1115.03 4.78675e+07 405846 0.0210379
110100000 257.24 411.009 437.365 1105.61 4.62418e+07 397997 0.0210426
110200000 248.172 378.762 497.073 1124.01 4.67239e+07 405630 0.0210774
110300000 254.493 348.379 477.736 1080.61 4.2356e+07 376673 0.0211002
110400000 277.821 338.326 470.994 1087.14 4.42706e+07 384195 0.0211078
110500000 289.717 353.201 432.394 1075.31 4.42462e+07 380322 0.021092
110600000 281.69 364.2 474.255 1120.15 4.86546e+07 408908 0.0210947
110700000 278.586 353.29 441.858 1073.73 4.34883e+07 377621 0.0210873
110800000 245.087 340.937 444.638 1030.66 3.71536e+07 344128 0.0211002
110900000 278.679 369.121 440.234 1088.03 4.52853e+07 388050 0.021091
111000000 269.917 344.73 447.08 1061.73 4.16001e+07 367845 0.021091
111100000 276.749 380.355 471.633 1128.74 4.96455e+07 415175 0.0210938
111200000 301.2 359.305 451.058 1111.56 4.88147e+07 406149 0.0210785
111300000 302.585 348.284 401.89 1052.76 4.23534e+07 366963 0.0210512
111400000 338.328 360.619 382.656 1081.6 4.66869e+07 389464 0.0210117
111500000 308.708 373.744 394.289 1076.74 4.54923e+07 384462 0.0209804
111600000 293.788 391.548 395.328 1080.66 4.54755e+07 385965 0.0209557
111700000 307.234 348.337 419.418 1074.99 4.48865e+07 381979 0.020931
111800000 302.958 358.074 436.229 1097.26 4.73226e+07 396842 0.0209111
111900000 271.759 344.505 483.154 1099.42 4.5234e+07 391373 0.0209269
112000000 326.77 350.149 452.161 1129.08 5.17354e+07 420494 0.0209044
112100000 327.663 358.884 466.138 1152.69 5.48147e+07 437619 0.0208843
112200000 307.485 381.096 445.867 1134.45 5.22474e+07 424197 0.0208633
112300000 290.687 357.289 451.366 1099.34 4.68785e+07 396334 0.0208538
112400000 294.068 337.619 436.811 1068.5 4.33679e+07 375211 0.0208408
112500000 268.044 374.368 438.93 1081.34 4.40454e+07 382321 0.0208375
112600000 284.128 341.123 451.031 1076.28 4.3715e+07 378929 0.0208332
112700000 298.715 335.065 411.312 1045.09 4.11677e+07 360770 0.0208119
112800000 301.597 341.298 487.775 1130.67 5.02089e+07 416523 0.0208156
112900000 314.211 340.53 482.103 1136.84 5.15842e+07 422651 0.0208115
113000000 294.403 348.456 451.731 1094.59 4.63415e+07 392986 0.020802
113100000 295.474 379.239 454.329 1129.04 5.09099e+07 418597 0.0207895
113200000 284.224 361.663 415.48 1061.37 4.27087e+07 371147 0.0207725
113300000 285.396 345.992 443.674 1075.06 4.38105e+07 378875 0.0207645
113400000 296.826 330.605 408.83 1036.26 4.01194e+07 354645 0.0207442
113500000 304.742 315.917 401.87 1022.53 3.86894e+07 345698 0.0207225
113600000 287.012 323.635 433.228 1043.87 4.02413e+07 357436 0.020714
113700000 277.447 314.879 457.375 1049.7 3.99573e+07 358277 0.0207209
113800000 290.641 313.114 448.131 1051.89 4.07816e+07 361565 0.020719
113900000 277.659 320.509 426.751 1024.92 3.79775e+07 344261 0.0207124
114000000 282.226 315.427 457.457 1055.11 4.07236e+07 362423 0.0207171
114100000 244.215 323.623 474.73 1042.57 3.75196e+07 348603 0.0207473
114200000 263.564 304.799 455.684 1024.05 3.66069e+07 339328 0.0207617
114300000 240.715 320.585 451.545 1012.84 3.48455e+07 330621 0.0207822
114400000 243.95 289.885 443.102 976.937 3.1335e+07 307261 0.0208028
114500000 247.141 327.865 434.094 1009.1 3.51742e+07 330636 0.0208111
114600000 247.456 352.029 441.074 1040.56 3.84227e+07 351529 0.0208202
114700000 263.226 371.175 478.853 1113.25 4.67853e+07 401488 0.0208347
114800000 272.735 354.592 444.9 1072.23 4.30261e+07 375807 0.020832
114900000 269.186 311.204 457.11 1037.5 3.8293e+07 349074 0.0208428
115000000 275.323 321.143 432.192 1028.66 3.82136e+07 346206 0.0208388
115100000 272.503 337.84 438.327 1048.67 4.03535e+07 359593 0.0208356
115200000 319.953 356.477 424.699 1101.13 4.84393e+07 401334 0.020809
115300000 279.586 363.329 428.047 1070.96 4.34818e+07 376780 0.0207975
115400000 278.325 371.981 488.593 1138.9 5.05847e+07 421266 0.0208075
115500000 303.672 340.698 514.638 1159.01 5.32447e+07 435078 0.0208234
115600000 286.462 331.866 494.818 1113.15 4.70409e+07 401027 0.0208395
115700000 275.292 341.94 512.042 1129.27 4.82003e+07 410182 0.020868
115800000 239.719 369.134 491.414 1100.27 4.34845e+07 387687 0.020903
115900000 252.881 402.355 513.068 1168.3 5.22037e+07 437929 0.0209384
116000000 248.313 370.749 512.517 1131.58 4.71832e+07 409341 0.0209785
116100000 247.462 358.125 461.823 1067.41 4.09279e+07 368297 0.020995
116200000 269.278 373.722 430.271 1073.27 4.33003e+07 377299 0.0209885
116300000 262.015 348.175 455.38 1065.57 4.1543e+07 369095 0.0209952
116400000 263.262 348.078 398.624 1009.96 3.65281e+07 335330 0.0209838
116500000 265.45 356.301 413.155 1034.91 3.90763e+07 351460 0.0209747
116600000 277.373 364.895 385.933 1028.2 3.9061e+07 349084 0.0209558
116700000 285.364 391.738 407.008 1084.11 4.54985e+07 387374 0.0209381
116800000 275.824 375.318 396.095 1047.24 4.10044e+07 361435 0.0209218
116900000 276.248 347.205 423.644 1047.1 4.06338e+07 360038 0.0209116
117000000 284.995 363.213 412.813 1061.02 4.27318e+07 371102 0.0208946
117100000 293.975 383.206 418.914 1096.1 4.71919e+07 396334 0.0208751
117200000 318.864 365.884 407.89 1092.64 4.75874e+07 395969 0.0208461
117300000 321.096 365.04 412.717 1098.85 4.83759e+07 400394 0.0208172
117400000 306.97 362.886 420.439 1090.3 4.68349e+07 393029 0.0207942
117500000 276.606 365.683 446.62 1088.91 4.51756e+07 388009 0.0207897
117600000 255.001 332.955 430.123 1018.08 3.6519e+07 337797 0.0207921
117700000 272.529 407.467 438.215 1118.21 4.86622e+07 409031 0.020788
117800000 280.311 388.022 443.638 1111.97 4.82531e+07 405265 0.0207804
117900000 278.925 369.542 450.619 1099.09 4.64474e+07 395286 0.0207759
118000000 295.158 351.101 454.197 1100.46 4.70685e+07 397159 0.0207674
118100000 285.621 333.656 465.594 1084.87 4.43708e+07 383631 0.0207698
118200000 273.562 323.117 490.33 1087.01 4.33415e+07 380962 0.0207911
118300000 303.065 341.218 464.021 1108.3 4.79851e+07 402373 0.0207846
118400000 292.923 356.041 485.605 1134.57 5.06449e+07 419432 0.0207879
118500000 288.094 398.586 466.795 1153.47 5.36022e+07 435369 0.020783
118600000 294.245 377.374 415.809 1087.43 4.61715e+07 390305 0.0207636
118700000 263.386 374.637 405.522 1043.54 4.00145e+07 357406 0.0207549
118800000 272.868 388.287 442.47 1103.63 4.68803e+07 398493 0.0207508
118900000 283.091 359.235 466.944 1109.27 4.74864e+07 401626 0.0207509
119000000 226.639 389.828 434.01 1050.48 3.8345e+07 355904 0.02077
119100000 247.852 377.087 428.981 1053.92 4.00932e+07 361548 0.0207745
119200000 234.895 396.804 494.021 1125.72 4.60463e+07 405280 0.0208116
119300000 288.166 361.414 438.341 1087.92 4.56521e+07 388885 0.0208002
119400000 270.148 339.434 412.314 1021.9 3.78082e+07 343037 0.0207905
119500000 279.783 346.292 469.747 1095.82 4.55122e+07 390983 0.0207948
119600000 299.13 331.556 464.973 1095.66 4.61154e+07 392431 0.0207922
119700000 289.55 324.021 440.216 1053.79 4.13012e+07 363924 0.0207857
119800000 303.722 337.57 424.983 1066.27 4.35723e+07 375065 0.0207684
119900000 270.232 357.606 409.814 1037.65 3.96029e+07 353933 0.0207575
120000000 276.258 369.206 404.427 1049.89 4.12499e+07 363039 0.0207433
120100000 296.564 344.017 435.15 1075.73 4.43953e+07 380772 0.0207301
120200000 282.521 344.501 453.092 1080.11 4.4099e+07 381428 0.0207274
120300000 244.972 365.967 439.813 1050.75 3.94299e+07 358350 0.0207363
120400000 228.344 361.256 454.984 1044.58 3.75318e+07 350749 0.0207599
120500000 218.937 401.806 458.896 1079.64 4.03691e+07 372826 0.0207931
120600000 244.912 408.094 428.375 1081.38 4.28148e+07 379678 0.0208018
120700000 216.46 387.146 423.102 1026.71 3.54566e+07 339189 0.0208228
120800000 253.8 405.411 448.741 1107.95 4.61725e+07 398709 0.0208313
120900000 265.593 412.654 421.061 1099.31 4.61474e+07 395181 0.0208281
121000000 265.718 378.249 445.449 1089.42 4.4771e+07 387362 0.0208281
121100000 234.801 410.396 417.615 1062.81 4.02419e+07 365805 0.0208405
121200000 231.954 377.668 458.355 1067.98 4.01526e+07 367025 0.0208629
121300000 250.706 383.893 445.531 1080.13 4.28798e+07 378978 0.0208706
121400000 246.938 396.751 478.746 1122.43 4.6904e+07 406136 0.0208922
121500000 230.256 355.128 522.076 1107.46 4.26903e+07 387385 0.0209472
121600000 269.108 339.064 518.517 1126.69 4.7312e+07 406592 0.0209799
121700000 242.728 340.048 503.926 1086.7 4.15936e+07 376215 0.0210189
121800000 240.105 342.935 478.51 1061.55 3.94006e+07 361331 0.021046
121900000 246.786 357.211 485.319 1089.32 4.27832e+07 381286 0.0210711
122000000 247.185 366.392 478.375 1091.95 4.33248e+07 384087 0.0210922
122100000 227.591 348.009 511.005 1086.6 4.04734e+07 373338 0.0211426
122200000 255.057 391.222 543.205 1189.48 5.4203e+07 450845 0.0211881
122300000 274.469 370.743 520.737 1165.95 5.29889e+07 437743 0.0212125
122400000 239.896 368.035 477.17 1085.1 4.21295e+07 378377 0.0212368
122500000 270.173 355.857 491.642 1117.67 4.7268e+07 403926 0.021252
122600000 253.644 376.803 489.666 1120.11 4.67993e+07 404282 0.0212731
122700000 244.712 389.716 467.971 1102.4 4.46295e+07 392262 0.0212907
