# 
# registered features: 
# 
# FeatureMoleculesIO
# 	Number of monomers: 3324
# 	max connectivity: 4
# FeatureBox
# FeatureBondset<FastBondset>
# FeatureAttributes<int>
# FeatureLatticePowerOfTwo<unsigned char>
# FeatureExcludedVolumeSc<FeatureLatticePowerOfTwo<unsigned char> >
# FeatureNNInteractionSc<FeatureLatticePowerOfTwo>
# FeatureBoltzmann
# 
# not registered features: 
# 
# #!version
# endoffile
# 
# Distribution of cluster sizes of molecules for copolymersn: number of molecules in cluster, H: frequency / Häufigkeit 
# (XX): XX= key of respective molecule
# n	H(t_277)
# 1	1454
# 2	15649
# 4	2
#  t_277: num molecules n = 2730. Header: frame, number of molecules in cluster 1...n
#  frame	1	2	3	4	5	6	7	8	9	10	11	12

1.271e+08	4	4	0	0	0	0	0	0	0	0	0	0	
1.272e+08	4	4	0	0	0	0	0	0	0	0	0	0	
1.273e+08	4	4	0	0	0	0	0	0	0	0	0	0	
1.274e+08	4	4	0	0	0	0	0	0	0	0	0	0	
1.275e+08	4	4	0	0	0	0	0	0	0	0	0	0	
1.276e+08	4	4	0	0	0	0	0	0	0	0	0	0	
1.277e+08	4	4	0	0	0	0	0	0	0	0	0	0	
1.278e+08	4	4	0	0	0	0	0	0	0	0	0	0	
1.279e+08	4	4	0	0	0	0	0	0	0	0	0	0	
1.28e+08	4	4	0	0	0	0	0	0	0	0	0	0	
1.281e+08	4	4	0	0	0	0	0	0	0	0	0	0	
1.282e+08	4	4	0	0	0	0	0	0	0	0	0	0	
1.283e+08	4	4	0	0	0	0	0	0	0	0	0	0	
1.284e+08	4	4	0	0	0	0	0	0	0	0	0	0	
1.285e+08	4	4	0	0	0	0	0	0	0	0	0	0	
1.286e+08	4	4	0	0	0	0	0	0	0	0	0	0	
1.287e+08	4	4	0	0	0	0	0	0	0	0	0	0	
1.288e+08	4	4	0	0	0	0	0	0	0	0	0	0	
1.289e+08	4	4	0	0	0	0	0	0	0	0	0	0	
1.29e+08	4	4	0	0	0	0	0	0	0	0	0	0	
1.291e+08	4	4	0	0	0	0	0	0	0	0	0	0	
1.292e+08	4	4	0	0	0	0	0	0	0	0	0	0	
1.293e+08	4	4	0	0	0	0	0	0	0	0	0	0	
1.294e+08	4	4	0	0	0	0	0	0	0	0	0	0	
1.295e+08	4	4	0	0	0	0	0	0	0	0	0	0	
1.296e+08	4	4	0	0	0	0	0	0	0	0	0	0	
1.297e+08	4	4	0	0	0	0	0	0	0	0	0	0	
1.298e+08	4	4	0	0	0	0	0	0	0	0	0	0	
1.299e+08	4	4	0	0	0	0	0	0	0	0	0	0	
1.3e+08	4	4	0	0	0	0	0	0	0	0	0	0	
1.301e+08	4	4	0	0	0	0	0	0	0	0	0	0	
1.302e+08	4	4	0	0	0	0	0	0	0	0	0	0	
1.303e+08	4	4	0	0	0	0	0	0	0	0	0	0	
1.304e+08	4	4	0	0	0	0	0	0	0	0	0	0	
1.305e+08	4	4	0	0	0	0	0	0	0	0	0	0	
1.306e+08	4	4	0	0	0	0	0	0	0	0	0	0	
1.307e+08	4	4	0	0	0	0	0	0	0	0	0	0	
1.308e+08	4	4	0	0	0	0	0	0	0	0	0	0	
1.309e+08	4	4	0	0	0	0	0	0	0	0	0	0	
1.31e+08	4	4	0	0	0	0	0	0	0	0	0	0	
1.311e+08	4	4	0	0	0	0	0	0	0	0	0	0	
1.312e+08	4	4	0	0	0	0	0	0	0	0	0	0	
1.313e+08	4	4	0	0	0	0	0	0	0	0	0	0	
1.314e+08	4	4	0	0	0	0	0	0	0	0	0	0	
1.315e+08	4	4	0	0	0	0	0	0	0	0	0	0	
1.316e+08	4	4	0	0	0	0	0	0	0	0	0	0	
1.317e+08	4	4	0	0	0	0	0	0	0	0	0	0	
1.318e+08	4	4	0	0	0	0	0	0	0	0	0	0	
1.319e+08	4	4	0	0	0	0	0	0	0	0	0	0	
1.32e+08	4	4	0	0	0	0	0	0	0	0	0	0	
1.321e+08	4	4	0	0	0	0	0	0	0	0	0	0	
1.322e+08	4	4	0	0	0	0	0	0	0	0	0	0	
1.323e+08	4	4	0	0	0	0	0	0	0	0	0	0	
1.324e+08	4	4	0	0	0	0	0	0	0	0	0	0	
1.325e+08	4	4	0	0	0	0	0	0	0	0	0	0	
1.326e+08	4	4	0	0	0	0	0	0	0	0	0	0	
1.327e+08	4	4	0	0	0	0	0	0	0	0	0	0	
1.328e+08	4	4	0	0	0	0	0	0	0	0	0	0	
1.329e+08	4	4	0	0	0	0	0	0	0	0	0	0	
1.33e+08	4	4	0	0	0	0	0	0	0	0	0	0	
1.331e+08	4	4	0	0	0	0	0	0	0	0	0	0	
1.332e+08	4	4	0	0	0	0	0	0	0	0	0	0	
1.333e+08	4	4	0	0	0	0	0	0	0	0	0	0	
1.334e+08	4	4	0	0	0	0	0	0	0	0	0	0	
1.335e+08	4	4	0	0	0	0	0	0	0	0	0	0	
1.336e+08	4	4	0	0	0	0	0	0	0	0	0	0	
1.337e+08	4	4	0	0	0	0	0	0	0	0	0	0	
1.338e+08	4	4	0	0	0	0	0	0	0	0	0	0	
1.339e+08	4	4	0	0	0	0	0	0	0	0	0	0	
1.34e+08	4	4	0	0	0	0	0	0	0	0	0	0	
1.341e+08	4	4	0	0	0	0	0	0	0	0	0	0	
1.342e+08	4	4	0	0	0	0	0	0	0	0	0	0	
1.343e+08	4	4	0	0	0	0	0	0	0	0	0	0	
1.344e+08	4	4	0	0	0	0	0	0	0	0	0	0	
1.345e+08	4	4	0	0	0	0	0	0	0	0	0	0	
1.346e+08	4	4	0	0	0	0	0	0	0	0	0	0	
1.347e+08	4	4	0	0	0	0	0	0	0	0	0	0	
1.348e+08	4	4	0	0	0	0	0	0	0	0	0	0	
1.349e+08	4	4	0	0	0	0	0	0	0	0	0	0	
1.35e+08	4	4	0	0	0	0	0	0	0	0	0	0	
1.351e+08	4	4	0	0	0	0	0	0	0	0	0	0	
1.352e+08	4	4	0	0	0	0	0	0	0	0	0	0	
1.353e+08	4	4	0	0	0	0	0	0	0	0	0	0	
1.354e+08	4	4	0	0	0	0	0	0	0	0	0	0	
1.355e+08	4	4	0	0	0	0	0	0	0	0	0	0	
1.356e+08	4	4	0	0	0	0	0	0	0	0	0	0	
1.357e+08	4	4	0	0	0	0	0	0	0	0	0	0	
1.358e+08	4	4	0	0	0	0	0	0	0	0	0	0	
1.359e+08	4	4	0	0	0	0	0	0	0	0	0	0	
1.36e+08	4	4	0	0	0	0	0	0	0	0	0	0	
1.361e+08	4	4	0	0	0	0	0	0	0	0	0	0	
1.362e+08	4	4	0	0	0	0	0	0	0	0	0	0	
1.363e+08	4	4	0	0	0	0	0	0	0	0	0	0	
1.364e+08	4	4	0	0	0	0	0	0	0	0	0	0	
1.365e+08	4	4	0	0	0	0	0	0	0	0	0	0	
1.366e+08	4	4	0	0	0	0	0	0	0	0	0	0	
1.367e+08	4	4	0	0	0	0	0	0	0	0	0	0	
1.368e+08	4	4	0	0	0	0	0	0	0	0	0	0	
1.369e+08	4	4	0	0	0	0	0	0	0	0	0	0	
1.37e+08	4	4	0	0	0	0	0	0	0	0	0	0	
1.371e+08	4	4	0	0	0	0	0	0	0	0	0	0	
1.372e+08	4	4	0	0	0	0	0	0	0	0	0	0	
1.373e+08	4	4	0	0	0	0	0	0	0	0	0	0	
1.374e+08	4	4	0	0	0	0	0	0	0	0	0	0	
1.375e+08	4	4	0	0	0	0	0	0	0	0	0	0	
1.376e+08	4	4	0	0	0	0	0	0	0	0	0	0	
1.377e+08	4	4	0	0	0	0	0	0	0	0	0	0	
1.378e+08	4	4	0	0	0	0	0	0	0	0	0	0	
1.379e+08	4	4	0	0	0	0	0	0	0	0	0	0	
1.38e+08	4	4	0	0	0	0	0	0	0	0	0	0	
1.381e+08	4	4	0	0	0	0	0	0	0	0	0	0	
1.382e+08	4	4	0	0	0	0	0	0	0	0	0	0	
1.383e+08	4	4	0	0	0	0	0	0	0	0	0	0	
1.384e+08	4	4	0	0	0	0	0	0	0	0	0	0	
1.385e+08	4	4	0	0	0	0	0	0	0	0	0	0	
1.386e+08	4	4	0	0	0	0	0	0	0	0	0	0	
1.387e+08	4	4	0	0	0	0	0	0	0	0	0	0	
1.388e+08	4	4	0	0	0	0	0	0	0	0	0	0	
1.389e+08	4	4	0	0	0	0	0	0	0	0	0	0	
1.39e+08	4	4	0	0	0	0	0	0	0	0	0	0	
1.391e+08	4	4	0	0	0	0	0	0	0	0	0	0	
1.392e+08	4	4	0	0	0	0	0	0	0	0	0	0	
1.393e+08	4	4	0	0	0	0	0	0	0	0	0	0	
1.394e+08	4	4	0	0	0	0	0	0	0	0	0	0	
1.395e+08	4	4	0	0	0	0	0	0	0	0	0	0	
1.396e+08	4	4	0	0	0	0	0	0	0	0	0	0	
1.397e+08	4	4	0	0	0	0	0	0	0	0	0	0	
1.398e+08	4	4	0	0	0	0	0	0	0	0	0	0	
1.399e+08	4	4	0	0	0	0	0	0	0	0	0	0	
1.4e+08	4	4	0	0	0	0	0	0	0	0	0	0	
1.401e+08	4	4	0	0	0	0	0	0	0	0	0	0	
1.402e+08	4	4	0	0	0	0	0	0	0	0	0	0	
1.403e+08	4	4	0	0	0	0	0	0	0	0	0	0	
1.404e+08	4	4	0	0	0	0	0	0	0	0	0	0	
1.405e+08	4	4	0	0	0	0	0	0	0	0	0	0	
1.406e+08	4	4	0	0	0	0	0	0	0	0	0	0	
1.407e+08	4	4	0	0	0	0	0	0	0	0	0	0	
1.408e+08	4	4	0	0	0	0	0	0	0	0	0	0	
1.409e+08	4	4	0	0	0	0	0	0	0	0	0	0	
1.41e+08	4	4	0	0	0	0	0	0	0	0	0	0	
1.411e+08	4	4	0	0	0	0	0	0	0	0	0	0	
1.412e+08	4	4	0	0	0	0	0	0	0	0	0	0	
1.413e+08	4	4	0	0	0	0	0	0	0	0	0	0	
1.414e+08	4	4	0	0	0	0	0	0	0	0	0	0	
1.415e+08	4	4	0	0	0	0	0	0	0	0	0	0	
1.416e+08	4	4	0	0	0	0	0	0	0	0	0	0	
1.417e+08	4	4	0	0	0	0	0	0	0	0	0	0	
1.418e+08	4	4	0	0	0	0	0	0	0	0	0	0	
1.419e+08	4	4	0	0	0	0	0	0	0	0	0	0	
1.42e+08	4	4	0	0	0	0	0	0	0	0	0	0	
1.421e+08	4	4	0	0	0	0	0	0	0	0	0	0	
1.422e+08	4	4	0	0	0	0	0	0	0	0	0	0	
1.423e+08	4	4	0	0	0	0	0	0	0	0	0	0	
1.424e+08	4	4	0	0	0	0	0	0	0	0	0	0	
1.425e+08	4	4	0	0	0	0	0	0	0	0	0	0	
1.426e+08	4	4	0	0	0	0	0	0	0	0	0	0	
1.427e+08	4	4	0	0	0	0	0	0	0	0	0	0	
1.428e+08	4	4	0	0	0	0	0	0	0	0	0	0	
1.429e+08	4	4	0	0	0	0	0	0	0	0	0	0	
1.43e+08	4	4	0	0	0	0	0	0	0	0	0	0	
1.431e+08	4	4	0	0	0	0	0	0	0	0	0	0	
1.432e+08	4	4	0	0	0	0	0	0	0	0	0	0	
1.433e+08	4	4	0	0	0	0	0	0	0	0	0	0	
1.434e+08	4	4	0	0	0	0	0	0	0	0	0	0	
1.435e+08	4	4	0	0	0	0	0	0	0	0	0	0	
1.436e+08	4	4	0	0	0	0	0	0	0	0	0	0	
1.437e+08	4	4	0	0	0	0	0	0	0	0	0	0	
1.438e+08	4	4	0	0	0	0	0	0	0	0	0	0	
1.439e+08	4	4	0	0	0	0	0	0	0	0	0	0	
1.44e+08	4	4	0	0	0	0	0	0	0	0	0	0	
1.441e+08	4	4	0	0	0	0	0	0	0	0	0	0	
1.442e+08	4	4	0	0	0	0	0	0	0	0	0	0	
1.443e+08	4	4	0	0	0	0	0	0	0	0	0	0	
1.444e+08	4	4	0	0	0	0	0	0	0	0	0	0	
1.445e+08	4	4	0	0	0	0	0	0	0	0	0	0	
1.446e+08	4	4	0	0	0	0	0	0	0	0	0	0	
1.447e+08	4	4	0	0	0	0	0	0	0	0	0	0	
1.448e+08	4	4	0	0	0	0	0	0	0	0	0	0	
1.449e+08	4	4	0	0	0	0	0	0	0	0	0	0	
1.45e+08	4	4	0	0	0	0	0	0	0	0	0	0	
1.451e+08	4	4	0	0	0	0	0	0	0	0	0	0	
1.452e+08	4	4	0	0	0	0	0	0	0	0	0	0	
1.453e+08	4	4	0	0	0	0	0	0	0	0	0	0	
1.454e+08	4	4	0	0	0	0	0	0	0	0	0	0	
1.455e+08	4	4	0	0	0	0	0	0	0	0	0	0	
1.456e+08	4	4	0	0	0	0	0	0	0	0	0	0	
1.457e+08	4	4	0	0	0	0	0	0	0	0	0	0	
1.458e+08	4	4	0	0	0	0	0	0	0	0	0	0	
1.459e+08	4	4	0	0	0	0	0	0	0	0	0	0	
1.46e+08	4	4	0	0	0	0	0	0	0	0	0	0	
1.461e+08	4	4	0	0	0	0	0	0	0	0	0	0	
1.462e+08	4	4	0	0	0	0	0	0	0	0	0	0	
1.463e+08	4	4	0	0	0	0	0	0	0	0	0	0	
1.464e+08	4	4	0	0	0	0	0	0	0	0	0	0	
1.465e+08	4	4	0	0	0	0	0	0	0	0	0	0	
1.466e+08	4	4	0	0	0	0	0	0	0	0	0	0	
1.467e+08	4	4	0	0	0	0	0	0	0	0	0	0	
1.468e+08	4	4	0	0	0	0	0	0	0	0	0	0	
1.469e+08	4	4	0	0	0	0	0	0	0	0	0	0	
1.47e+08	4	4	0	0	0	0	0	0	0	0	0	0	
1.471e+08	4	4	0	0	0	0	0	0	0	0	0	0	
1.472e+08	4	4	0	0	0	0	0	0	0	0	0	0	
1.473e+08	4	4	0	0	0	0	0	0	0	0	0	0	
1.474e+08	4	4	0	0	0	0	0	0	0	0	0	0	
1.475e+08	4	4	0	0	0	0	0	0	0	0	0	0	
1.476e+08	4	4	0	0	0	0	0	0	0	0	0	0	
1.477e+08	4	4	0	0	0	0	0	0	0	0	0	0	
1.478e+08	4	4	0	0	0	0	0	0	0	0	0	0	
1.479e+08	4	4	0	0	0	0	0	0	0	0	0	0	
1.48e+08	4	4	0	0	0	0	0	0	0	0	0	0	
1.481e+08	4	4	0	0	0	0	0	0	0	0	0	0	
1.482e+08	4	4	0	0	0	0	0	0	0	0	0	0	
1.483e+08	4	4	0	0	0	0	0	0	0	0	0	0	
1.484e+08	4	4	0	0	0	0	0	0	0	0	0	0	
1.485e+08	4	4	0	0	0	0	0	0	0	0	0	0	
1.486e+08	4	4	0	0	0	0	0	0	0	0	0	0	
1.487e+08	4	4	0	0	0	0	0	0	0	0	0	0	
1.488e+08	4	4	0	0	0	0	0	0	0	0	0	0	
1.489e+08	4	4	0	0	0	0	0	0	0	0	0	0	
1.49e+08	4	4	0	0	0	0	0	0	0	0	0	0	
1.491e+08	4	4	0	0	0	0	0	0	0	0	0	0	
1.492e+08	4	4	0	0	0	0	0	0	0	0	0	0	
1.493e+08	4	4	0	0	0	0	0	0	0	0	0	0	
1.494e+08	4	4	0	0	0	0	0	0	0	0	0	0	
1.495e+08	4	4	0	0	0	0	0	0	0	0	0	0	
1.496e+08	4	4	0	0	0	0	0	0	0	0	0	0	
1.497e+08	4	4	0	0	0	0	0	0	0	0	0	0	
1.498e+08	4	4	0	0	0	0	0	0	0	0	0	0	
1.499e+08	4	4	0	0	0	0	0	0	0	0	0	0	
1.5e+08	4	4	0	0	0	0	0	0	0	0	0	0	
1.501e+08	4	4	0	0	0	0	0	0	0	0	0	0	
1.502e+08	4	4	0	0	0	0	0	0	0	0	0	0	
1.503e+08	4	4	0	0	0	0	0	0	0	0	0	0	
1.504e+08	4	4	0	0	0	0	0	0	0	0	0	0	
1.505e+08	4	4	0	0	0	0	0	0	0	0	0	0	
1.506e+08	4	4	0	0	0	0	0	0	0	0	0	0	
1.507e+08	4	4	0	0	0	0	0	0	0	0	0	0	
1.508e+08	4	4	0	0	0	0	0	0	0	0	0	0	
1.509e+08	4	4	0	0	0	0	0	0	0	0	0	0	
1.51e+08	4	4	0	0	0	0	0	0	0	0	0	0	
1.511e+08	4	2	0	1	0	0	0	0	0	0	0	0	
1.512e+08	4	4	0	0	0	0	0	0	0	0	0	0	
1.513e+08	4	4	0	0	0	0	0	0	0	0	0	0	
1.514e+08	4	4	0	0	0	0	0	0	0	0	0	0	
1.515e+08	4	4	0	0	0	0	0	0	0	0	0	0	
1.516e+08	4	4	0	0	0	0	0	0	0	0	0	0	
1.517e+08	4	4	0	0	0	0	0	0	0	0	0	0	
1.518e+08	4	4	0	0	0	0	0	0	0	0	0	0	
1.519e+08	4	4	0	0	0	0	0	0	0	0	0	0	
1.52e+08	4	4	0	0	0	0	0	0	0	0	0	0	
1.521e+08	4	4	0	0	0	0	0	0	0	0	0	0	
1.522e+08	4	4	0	0	0	0	0	0	0	0	0	0	
1.523e+08	4	4	0	0	0	0	0	0	0	0	0	0	
1.524e+08	4	4	0	0	0	0	0	0	0	0	0	0	
1.525e+08	4	4	0	0	0	0	0	0	0	0	0	0	
1.526e+08	4	4	0	0	0	0	0	0	0	0	0	0	
1.527e+08	4	4	0	0	0	0	0	0	0	0	0	0	
1.528e+08	4	4	0	0	0	0	0	0	0	0	0	0	
1.529e+08	4	4	0	0	0	0	0	0	0	0	0	0	
1.53e+08	4	4	0	0	0	0	0	0	0	0	0	0	
1.531e+08	4	4	0	0	0	0	0	0	0	0	0	0	
1.532e+08	4	4	0	0	0	0	0	0	0	0	0	0	
1.533e+08	4	4	0	0	0	0	0	0	0	0	0	0	
1.534e+08	4	4	0	0	0	0	0	0	0	0	0	0	
1.535e+08	4	4	0	0	0	0	0	0	0	0	0	0	
1.536e+08	4	4	0	0	0	0	0	0	0	0	0	0	
1.537e+08	4	4	0	0	0	0	0	0	0	0	0	0	
1.538e+08	4	4	0	0	0	0	0	0	0	0	0	0	
1.539e+08	4	4	0	0	0	0	0	0	0	0	0	0	
1.54e+08	4	4	0	0	0	0	0	0	0	0	0	0	
1.541e+08	4	4	0	0	0	0	0	0	0	0	0	0	
1.542e+08	4	4	0	0	0	0	0	0	0	0	0	0	
1.543e+08	4	4	0	0	0	0	0	0	0	0	0	0	
1.544e+08	4	4	0	0	0	0	0	0	0	0	0	0	
1.545e+08	4	4	0	0	0	0	0	0	0	0	0	0	
1.546e+08	4	4	0	0	0	0	0	0	0	0	0	0	
1.547e+08	4	4	0	0	0	0	0	0	0	0	0	0	
1.548e+08	4	4	0	0	0	0	0	0	0	0	0	0	
1.549e+08	4	4	0	0	0	0	0	0	0	0	0	0	
1.55e+08	4	4	0	0	0	0	0	0	0	0	0	0	
1.551e+08	4	4	0	0	0	0	0	0	0	0	0	0	
1.552e+08	4	4	0	0	0	0	0	0	0	0	0	0	
1.553e+08	4	4	0	0	0	0	0	0	0	0	0	0	
1.554e+08	4	4	0	0	0	0	0	0	0	0	0	0	
1.555e+08	4	4	0	0	0	0	0	0	0	0	0	0	
1.556e+08	4	4	0	0	0	0	0	0	0	0	0	0	
1.557e+08	4	4	0	0	0	0	0	0	0	0	0	0	
1.558e+08	4	4	0	0	0	0	0	0	0	0	0	0	
1.559e+08	4	4	0	0	0	0	0	0	0	0	0	0	
1.56e+08	4	4	0	0	0	0	0	0	0	0	0	0	
1.561e+08	4	4	0	0	0	0	0	0	0	0	0	0	
1.562e+08	4	4	0	0	0	0	0	0	0	0	0	0	
1.563e+08	4	4	0	0	0	0	0	0	0	0	0	0	
1.564e+08	4	4	0	0	0	0	0	0	0	0	0	0	
1.565e+08	4	4	0	0	0	0	0	0	0	0	0	0	
1.566e+08	4	4	0	0	0	0	0	0	0	0	0	0	
1.567e+08	4	4	0	0	0	0	0	0	0	0	0	0	
1.568e+08	4	4	0	0	0	0	0	0	0	0	0	0	
1.569e+08	4	4	0	0	0	0	0	0	0	0	0	0	
1.57e+08	4	4	0	0	0	0	0	0	0	0	0	0	
1.571e+08	4	4	0	0	0	0	0	0	0	0	0	0	
1.572e+08	4	4	0	0	0	0	0	0	0	0	0	0	
1.573e+08	4	4	0	0	0	0	0	0	0	0	0	0	
1.574e+08	4	4	0	0	0	0	0	0	0	0	0	0	
1.575e+08	4	4	0	0	0	0	0	0	0	0	0	0	
1.576e+08	4	4	0	0	0	0	0	0	0	0	0	0	
1.577e+08	4	4	0	0	0	0	0	0	0	0	0	0	
1.578e+08	4	4	0	0	0	0	0	0	0	0	0	0	
1.579e+08	4	4	0	0	0	0	0	0	0	0	0	0	
1.58e+08	4	4	0	0	0	0	0	0	0	0	0	0	
1.581e+08	4	4	0	0	0	0	0	0	0	0	0	0	
1.582e+08	4	4	0	0	0	0	0	0	0	0	0	0	
1.583e+08	4	4	0	0	0	0	0	0	0	0	0	0	
1.584e+08	4	4	0	0	0	0	0	0	0	0	0	0	
1.585e+08	4	4	0	0	0	0	0	0	0	0	0	0	
1.586e+08	4	4	0	0	0	0	0	0	0	0	0	0	
1.587e+08	4	4	0	0	0	0	0	0	0	0	0	0	
1.588e+08	4	4	0	0	0	0	0	0	0	0	0	0	
1.589e+08	4	4	0	0	0	0	0	0	0	0	0	0	
1.59e+08	4	4	0	0	0	0	0	0	0	0	0	0	
1.591e+08	4	4	0	0	0	0	0	0	0	0	0	0	
1.592e+08	4	4	0	0	0	0	0	0	0	0	0	0	
1.593e+08	4	4	0	0	0	0	0	0	0	0	0	0	
1.594e+08	4	4	0	0	0	0	0	0	0	0	0	0	
1.595e+08	4	4	0	0	0	0	0	0	0	0	0	0	
1.596e+08	4	4	0	0	0	0	0	0	0	0	0	0	
1.597e+08	4	4	0	0	0	0	0	0	0	0	0	0	
1.598e+08	4	4	0	0	0	0	0	0	0	0	0	0	
1.599e+08	4	4	0	0	0	0	0	0	0	0	0	0	
1.6e+08	4	4	0	0	0	0	0	0	0	0	0	0	
1.601e+08	4	4	0	0	0	0	0	0	0	0	0	0	
1.602e+08	4	4	0	0	0	0	0	0	0	0	0	0	
1.603e+08	4	4	0	0	0	0	0	0	0	0	0	0	
1.604e+08	4	4	0	0	0	0	0	0	0	0	0	0	
1.605e+08	4	4	0	0	0	0	0	0	0	0	0	0	
1.606e+08	4	4	0	0	0	0	0	0	0	0	0	0	
1.607e+08	4	4	0	0	0	0	0	0	0	0	0	0	
1.608e+08	4	4	0	0	0	0	0	0	0	0	0	0	
1.609e+08	4	4	0	0	0	0	0	0	0	0	0	0	
1.61e+08	4	4	0	0	0	0	0	0	0	0	0	0	
1.611e+08	4	4	0	0	0	0	0	0	0	0	0	0	
1.612e+08	4	4	0	0	0	0	0	0	0	0	0	0	
1.613e+08	4	4	0	0	0	0	0	0	0	0	0	0	
1.614e+08	4	4	0	0	0	0	0	0	0	0	0	0	
1.615e+08	4	4	0	0	0	0	0	0	0	0	0	0	
1.616e+08	4	4	0	0	0	0	0	0	0	0	0	0	
1.617e+08	4	4	0	0	0	0	0	0	0	0	0	0	
1.618e+08	4	4	0	0	0	0	0	0	0	0	0	0	
1.619e+08	4	4	0	0	0	0	0	0	0	0	0	0	
1.62e+08	2	5	0	0	0	0	0	0	0	0	0	0	
1.621e+08	2	5	0	0	0	0	0	0	0	0	0	0	
1.622e+08	2	5	0	0	0	0	0	0	0	0	0	0	
1.623e+08	2	5	0	0	0	0	0	0	0	0	0	0	
1.624e+08	2	5	0	0	0	0	0	0	0	0	0	0	
1.625e+08	2	5	0	0	0	0	0	0	0	0	0	0	
1.626e+08	2	5	0	0	0	0	0	0	0	0	0	0	
1.627e+08	2	5	0	0	0	0	0	0	0	0	0	0	
1.628e+08	2	5	0	0	0	0	0	0	0	0	0	0	
1.629e+08	2	5	0	0	0	0	0	0	0	0	0	0	
1.63e+08	2	5	0	0	0	0	0	0	0	0	0	0	
1.631e+08	2	5	0	0	0	0	0	0	0	0	0	0	
1.632e+08	2	5	0	0	0	0	0	0	0	0	0	0	
1.633e+08	2	5	0	0	0	0	0	0	0	0	0	0	
1.634e+08	2	5	0	0	0	0	0	0	0	0	0	0	
1.635e+08	2	5	0	0	0	0	0	0	0	0	0	0	
1.636e+08	2	5	0	0	0	0	0	0	0	0	0	0	
1.637e+08	2	5	0	0	0	0	0	0	0	0	0	0	
1.638e+08	2	5	0	0	0	0	0	0	0	0	0	0	
1.639e+08	2	5	0	0	0	0	0	0	0	0	0	0	
1.64e+08	2	5	0	0	0	0	0	0	0	0	0	0	
1.641e+08	2	5	0	0	0	0	0	0	0	0	0	0	
1.642e+08	2	5	0	0	0	0	0	0	0	0	0	0	
1.643e+08	2	5	0	0	0	0	0	0	0	0	0	0	
1.644e+08	2	5	0	0	0	0	0	0	0	0	0	0	
1.645e+08	2	5	0	0	0	0	0	0	0	0	0	0	
1.646e+08	2	5	0	0	0	0	0	0	0	0	0	0	
1.647e+08	2	5	0	0	0	0	0	0	0	0	0	0	
1.648e+08	2	5	0	0	0	0	0	0	0	0	0	0	
1.649e+08	0	6	0	0	0	0	0	0	0	0	0	0	
1.65e+08	0	6	0	0	0	0	0	0	0	0	0	0	
1.651e+08	0	6	0	0	0	0	0	0	0	0	0	0	
1.652e+08	0	6	0	0	0	0	0	0	0	0	0	0	
1.653e+08	0	6	0	0	0	0	0	0	0	0	0	0	
1.654e+08	0	6	0	0	0	0	0	0	0	0	0	0	
1.655e+08	0	6	0	0	0	0	0	0	0	0	0	0	
1.656e+08	0	6	0	0	0	0	0	0	0	0	0	0	
1.657e+08	0	6	0	0	0	0	0	0	0	0	0	0	
1.658e+08	0	6	0	0	0	0	0	0	0	0	0	0	
1.659e+08	0	6	0	0	0	0	0	0	0	0	0	0	
1.66e+08	0	6	0	0	0	0	0	0	0	0	0	0	
1.661e+08	0	6	0	0	0	0	0	0	0	0	0	0	
1.662e+08	0	6	0	0	0	0	0	0	0	0	0	0	
1.663e+08	0	6	0	0	0	0	0	0	0	0	0	0	
1.664e+08	0	6	0	0	0	0	0	0	0	0	0	0	
1.665e+08	0	6	0	0	0	0	0	0	0	0	0	0	
1.666e+08	0	6	0	0	0	0	0	0	0	0	0	0	
1.667e+08	0	6	0	0	0	0	0	0	0	0	0	0	
1.668e+08	0	6	0	0	0	0	0	0	0	0	0	0	
1.669e+08	0	6	0	0	0	0	0	0	0	0	0	0	
1.67e+08	0	6	0	0	0	0	0	0	0	0	0	0	
1.671e+08	0	6	0	0	0	0	0	0	0	0	0	0	
1.672e+08	0	6	0	0	0	0	0	0	0	0	0	0	
1.673e+08	0	6	0	0	0	0	0	0	0	0	0	0	
1.674e+08	0	6	0	0	0	0	0	0	0	0	0	0	
1.675e+08	0	6	0	0	0	0	0	0	0	0	0	0	
1.676e+08	0	6	0	0	0	0	0	0	0	0	0	0	
1.677e+08	0	6	0	0	0	0	0	0	0	0	0	0	
1.678e+08	0	6	0	0	0	0	0	0	0	0	0	0	
1.679e+08	0	6	0	0	0	0	0	0	0	0	0	0	
1.68e+08	0	6	0	0	0	0	0	0	0	0	0	0	
1.681e+08	0	6	0	0	0	0	0	0	0	0	0	0	
1.682e+08	0	6	0	0	0	0	0	0	0	0	0	0	
1.683e+08	0	6	0	0	0	0	0	0	0	0	0	0	
1.684e+08	0	6	0	0	0	0	0	0	0	0	0	0	
1.685e+08	0	6	0	0	0	0	0	0	0	0	0	0	
1.686e+08	0	6	0	0	0	0	0	0	0	0	0	0	
1.687e+08	0	6	0	0	0	0	0	0	0	0	0	0	
1.688e+08	0	6	0	0	0	0	0	0	0	0	0	0	
1.689e+08	0	6	0	0	0	0	0	0	0	0	0	0	
1.69e+08	0	6	0	0	0	0	0	0	0	0	0	0	
1.691e+08	0	6	0	0	0	0	0	0	0	0	0	0	
1.692e+08	0	6	0	0	0	0	0	0	0	0	0	0	
1.693e+08	0	6	0	0	0	0	0	0	0	0	0	0	
1.694e+08	0	6	0	0	0	0	0	0	0	0	0	0	
1.695e+08	0	6	0	0	0	0	0	0	0	0	0	0	
1.696e+08	0	6	0	0	0	0	0	0	0	0	0	0	
1.697e+08	0	6	0	0	0	0	0	0	0	0	0	0	
1.698e+08	0	6	0	0	0	0	0	0	0	0	0	0	
1.699e+08	0	6	0	0	0	0	0	0	0	0	0	0	
1.7e+08	0	6	0	0	0	0	0	0	0	0	0	0	
1.701e+08	0	6	0	0	0	0	0	0	0	0	0	0	
1.702e+08	0	6	0	0	0	0	0	0	0	0	0	0	
1.703e+08	0	6	0	0	0	0	0	0	0	0	0	0	
1.704e+08	0	6	0	0	0	0	0	0	0	0	0	0	
1.705e+08	0	6	0	0	0	0	0	0	0	0	0	0	
1.706e+08	0	6	0	0	0	0	0	0	0	0	0	0	
1.707e+08	0	6	0	0	0	0	0	0	0	0	0	0	
1.708e+08	0	6	0	0	0	0	0	0	0	0	0	0	
1.709e+08	0	6	0	0	0	0	0	0	0	0	0	0	
1.71e+08	0	6	0	0	0	0	0	0	0	0	0	0	
1.711e+08	0	6	0	0	0	0	0	0	0	0	0	0	
1.712e+08	0	6	0	0	0	0	0	0	0	0	0	0	
1.713e+08	0	6	0	0	0	0	0	0	0	0	0	0	
1.714e+08	0	6	0	0	0	0	0	0	0	0	0	0	
1.715e+08	0	6	0	0	0	0	0	0	0	0	0	0	
1.716e+08	0	6	0	0	0	0	0	0	0	0	0	0	
1.717e+08	0	6	0	0	0	0	0	0	0	0	0	0	
1.718e+08	0	6	0	0	0	0	0	0	0	0	0	0	
1.719e+08	0	6	0	0	0	0	0	0	0	0	0	0	
1.72e+08	0	6	0	0	0	0	0	0	0	0	0	0	
1.721e+08	0	6	0	0	0	0	0	0	0	0	0	0	
1.722e+08	0	6	0	0	0	0	0	0	0	0	0	0	
1.723e+08	0	6	0	0	0	0	0	0	0	0	0	0	
1.724e+08	0	6	0	0	0	0	0	0	0	0	0	0	
1.725e+08	0	6	0	0	0	0	0	0	0	0	0	0	
1.726e+08	0	6	0	0	0	0	0	0	0	0	0	0	
1.727e+08	0	6	0	0	0	0	0	0	0	0	0	0	
1.728e+08	0	6	0	0	0	0	0	0	0	0	0	0	
1.729e+08	0	6	0	0	0	0	0	0	0	0	0	0	
1.73e+08	0	6	0	0	0	0	0	0	0	0	0	0	
1.731e+08	0	6	0	0	0	0	0	0	0	0	0	0	
1.732e+08	0	6	0	0	0	0	0	0	0	0	0	0	
1.733e+08	0	6	0	0	0	0	0	0	0	0	0	0	
1.734e+08	0	6	0	0	0	0	0	0	0	0	0	0	
1.735e+08	0	6	0	0	0	0	0	0	0	0	0	0	
1.736e+08	0	6	0	0	0	0	0	0	0	0	0	0	
1.737e+08	0	6	0	0	0	0	0	0	0	0	0	0	
1.738e+08	0	6	0	0	0	0	0	0	0	0	0	0	
1.739e+08	0	6	0	0	0	0	0	0	0	0	0	0	
1.74e+08	0	6	0	0	0	0	0	0	0	0	0	0	
1.741e+08	0	6	0	0	0	0	0	0	0	0	0	0	
1.742e+08	0	6	0	0	0	0	0	0	0	0	0	0	
1.743e+08	0	6	0	0	0	0	0	0	0	0	0	0	
1.744e+08	0	6	0	0	0	0	0	0	0	0	0	0	
1.745e+08	0	6	0	0	0	0	0	0	0	0	0	0	
1.746e+08	0	6	0	0	0	0	0	0	0	0	0	0	
1.747e+08	0	6	0	0	0	0	0	0	0	0	0	0	
1.748e+08	0	6	0	0	0	0	0	0	0	0	0	0	
1.749e+08	0	6	0	0	0	0	0	0	0	0	0	0	
1.75e+08	0	6	0	0	0	0	0	0	0	0	0	0	
1.751e+08	0	6	0	0	0	0	0	0	0	0	0	0	
1.752e+08	0	6	0	0	0	0	0	0	0	0	0	0	
1.753e+08	0	6	0	0	0	0	0	0	0	0	0	0	
1.754e+08	0	6	0	0	0	0	0	0	0	0	0	0	
1.755e+08	0	6	0	0	0	0	0	0	0	0	0	0	
1.756e+08	0	6	0	0	0	0	0	0	0	0	0	0	
1.757e+08	0	6	0	0	0	0	0	0	0	0	0	0	
1.758e+08	0	6	0	0	0	0	0	0	0	0	0	0	
1.759e+08	0	6	0	0	0	0	0	0	0	0	0	0	
1.76e+08	0	6	0	0	0	0	0	0	0	0	0	0	
1.761e+08	0	6	0	0	0	0	0	0	0	0	0	0	
1.762e+08	0	6	0	0	0	0	0	0	0	0	0	0	
1.763e+08	0	6	0	0	0	0	0	0	0	0	0	0	
1.764e+08	0	6	0	0	0	0	0	0	0	0	0	0	
1.765e+08	0	6	0	0	0	0	0	0	0	0	0	0	
1.766e+08	0	6	0	0	0	0	0	0	0	0	0	0	
1.767e+08	0	6	0	0	0	0	0	0	0	0	0	0	
1.768e+08	0	6	0	0	0	0	0	0	0	0	0	0	
1.769e+08	0	6	0	0	0	0	0	0	0	0	0	0	
1.77e+08	0	6	0	0	0	0	0	0	0	0	0	0	
1.771e+08	0	6	0	0	0	0	0	0	0	0	0	0	
1.772e+08	0	6	0	0	0	0	0	0	0	0	0	0	
1.773e+08	0	6	0	0	0	0	0	0	0	0	0	0	
1.774e+08	0	6	0	0	0	0	0	0	0	0	0	0	
1.775e+08	0	6	0	0	0	0	0	0	0	0	0	0	
1.776e+08	0	6	0	0	0	0	0	0	0	0	0	0	
1.777e+08	0	6	0	0	0	0	0	0	0	0	0	0	
1.778e+08	0	6	0	0	0	0	0	0	0	0	0	0	
1.779e+08	0	6	0	0	0	0	0	0	0	0	0	0	
1.78e+08	0	6	0	0	0	0	0	0	0	0	0	0	
1.781e+08	0	6	0	0	0	0	0	0	0	0	0	0	
1.782e+08	0	6	0	0	0	0	0	0	0	0	0	0	
1.783e+08	0	6	0	0	0	0	0	0	0	0	0	0	
1.784e+08	0	6	0	0	0	0	0	0	0	0	0	0	
1.785e+08	0	6	0	0	0	0	0	0	0	0	0	0	
1.786e+08	0	6	0	0	0	0	0	0	0	0	0	0	
1.787e+08	0	6	0	0	0	0	0	0	0	0	0	0	
1.788e+08	0	6	0	0	0	0	0	0	0	0	0	0	
1.789e+08	0	6	0	0	0	0	0	0	0	0	0	0	
1.79e+08	0	6	0	0	0	0	0	0	0	0	0	0	
1.791e+08	0	6	0	0	0	0	0	0	0	0	0	0	
1.792e+08	0	6	0	0	0	0	0	0	0	0	0	0	
1.793e+08	0	6	0	0	0	0	0	0	0	0	0	0	
1.794e+08	0	6	0	0	0	0	0	0	0	0	0	0	
1.795e+08	0	6	0	0	0	0	0	0	0	0	0	0	
1.796e+08	0	6	0	0	0	0	0	0	0	0	0	0	
1.797e+08	0	6	0	0	0	0	0	0	0	0	0	0	
1.798e+08	0	6	0	0	0	0	0	0	0	0	0	0	
1.799e+08	0	6	0	0	0	0	0	0	0	0	0	0	
1.8e+08	0	6	0	0	0	0	0	0	0	0	0	0	
1.801e+08	0	6	0	0	0	0	0	0	0	0	0	0	
1.802e+08	0	6	0	0	0	0	0	0	0	0	0	0	
1.803e+08	0	6	0	0	0	0	0	0	0	0	0	0	
1.804e+08	0	6	0	0	0	0	0	0	0	0	0	0	
1.805e+08	0	6	0	0	0	0	0	0	0	0	0	0	
1.806e+08	0	6	0	0	0	0	0	0	0	0	0	0	
1.807e+08	0	6	0	0	0	0	0	0	0	0	0	0	
1.808e+08	0	6	0	0	0	0	0	0	0	0	0	0	
1.809e+08	0	6	0	0	0	0	0	0	0	0	0	0	
1.81e+08	0	6	0	0	0	0	0	0	0	0	0	0	
1.811e+08	0	6	0	0	0	0	0	0	0	0	0	0	
1.812e+08	0	6	0	0	0	0	0	0	0	0	0	0	
1.813e+08	0	6	0	0	0	0	0	0	0	0	0	0	
1.814e+08	0	6	0	0	0	0	0	0	0	0	0	0	
1.815e+08	0	6	0	0	0	0	0	0	0	0	0	0	
1.816e+08	0	6	0	0	0	0	0	0	0	0	0	0	
1.817e+08	0	6	0	0	0	0	0	0	0	0	0	0	
1.818e+08	0	6	0	0	0	0	0	0	0	0	0	0	
1.819e+08	0	6	0	0	0	0	0	0	0	0	0	0	
1.82e+08	0	6	0	0	0	0	0	0	0	0	0	0	
1.821e+08	0	6	0	0	0	0	0	0	0	0	0	0	
1.822e+08	0	6	0	0	0	0	0	0	0	0	0	0	
1.823e+08	0	6	0	0	0	0	0	0	0	0	0	0	
1.824e+08	0	6	0	0	0	0	0	0	0	0	0	0	
1.825e+08	0	6	0	0	0	0	0	0	0	0	0	0	
1.826e+08	0	6	0	0	0	0	0	0	0	0	0	0	
1.827e+08	0	6	0	0	0	0	0	0	0	0	0	0	
1.828e+08	0	6	0	0	0	0	0	0	0	0	0	0	
1.829e+08	0	6	0	0	0	0	0	0	0	0	0	0	
1.83e+08	0	6	0	0	0	0	0	0	0	0	0	0	
1.831e+08	0	6	0	0	0	0	0	0	0	0	0	0	
1.832e+08	0	6	0	0	0	0	0	0	0	0	0	0	
1.833e+08	0	6	0	0	0	0	0	0	0	0	0	0	
1.834e+08	0	6	0	0	0	0	0	0	0	0	0	0	
1.835e+08	0	6	0	0	0	0	0	0	0	0	0	0	
1.836e+08	0	6	0	0	0	0	0	0	0	0	0	0	
1.837e+08	0	6	0	0	0	0	0	0	0	0	0	0	
1.838e+08	0	6	0	0	0	0	0	0	0	0	0	0	
1.839e+08	0	6	0	0	0	0	0	0	0	0	0	0	
1.84e+08	0	6	0	0	0	0	0	0	0	0	0	0	
1.841e+08	0	6	0	0	0	0	0	0	0	0	0	0	
1.842e+08	0	6	0	0	0	0	0	0	0	0	0	0	
1.843e+08	0	6	0	0	0	0	0	0	0	0	0	0	
1.844e+08	0	6	0	0	0	0	0	0	0	0	0	0	
1.845e+08	0	6	0	0	0	0	0	0	0	0	0	0	
1.846e+08	0	6	0	0	0	0	0	0	0	0	0	0	
1.847e+08	0	6	0	0	0	0	0	0	0	0	0	0	
1.848e+08	0	6	0	0	0	0	0	0	0	0	0	0	
1.849e+08	0	6	0	0	0	0	0	0	0	0	0	0	
1.85e+08	0	6	0	0	0	0	0	0	0	0	0	0	
1.851e+08	0	6	0	0	0	0	0	0	0	0	0	0	
1.852e+08	0	6	0	0	0	0	0	0	0	0	0	0	
1.853e+08	0	6	0	0	0	0	0	0	0	0	0	0	
1.854e+08	0	6	0	0	0	0	0	0	0	0	0	0	
1.855e+08	0	6	0	0	0	0	0	0	0	0	0	0	
1.856e+08	0	6	0	0	0	0	0	0	0	0	0	0	
1.857e+08	0	6	0	0	0	0	0	0	0	0	0	0	
1.858e+08	0	6	0	0	0	0	0	0	0	0	0	0	
1.859e+08	0	6	0	0	0	0	0	0	0	0	0	0	
1.86e+08	0	6	0	0	0	0	0	0	0	0	0	0	
1.861e+08	0	6	0	0	0	0	0	0	0	0	0	0	
1.862e+08	0	6	0	0	0	0	0	0	0	0	0	0	
1.863e+08	0	6	0	0	0	0	0	0	0	0	0	0	
1.864e+08	0	6	0	0	0	0	0	0	0	0	0	0	
1.865e+08	0	6	0	0	0	0	0	0	0	0	0	0	
1.866e+08	0	6	0	0	0	0	0	0	0	0	0	0	
1.867e+08	0	6	0	0	0	0	0	0	0	0	0	0	
1.868e+08	0	6	0	0	0	0	0	0	0	0	0	0	
1.869e+08	0	6	0	0	0	0	0	0	0	0	0	0	
1.87e+08	0	6	0	0	0	0	0	0	0	0	0	0	
1.871e+08	0	6	0	0	0	0	0	0	0	0	0	0	
1.872e+08	0	6	0	0	0	0	0	0	0	0	0	0	
1.873e+08	0	6	0	0	0	0	0	0	0	0	0	0	
1.874e+08	0	6	0	0	0	0	0	0	0	0	0	0	
1.875e+08	0	6	0	0	0	0	0	0	0	0	0	0	
1.876e+08	0	6	0	0	0	0	0	0	0	0	0	0	
1.877e+08	0	6	0	0	0	0	0	0	0	0	0	0	
1.878e+08	0	6	0	0	0	0	0	0	0	0	0	0	
1.879e+08	0	6	0	0	0	0	0	0	0	0	0	0	
1.88e+08	0	6	0	0	0	0	0	0	0	0	0	0	
1.881e+08	0	6	0	0	0	0	0	0	0	0	0	0	
1.882e+08	0	6	0	0	0	0	0	0	0	0	0	0	
1.883e+08	0	6	0	0	0	0	0	0	0	0	0	0	
1.884e+08	0	6	0	0	0	0	0	0	0	0	0	0	
1.885e+08	0	6	0	0	0	0	0	0	0	0	0	0	
1.886e+08	0	6	0	0	0	0	0	0	0	0	0	0	
1.887e+08	0	6	0	0	0	0	0	0	0	0	0	0	
1.888e+08	0	6	0	0	0	0	0	0	0	0	0	0	
1.889e+08	0	6	0	0	0	0	0	0	0	0	0	0	
1.89e+08	0	6	0	0	0	0	0	0	0	0	0	0	
1.891e+08	0	6	0	0	0	0	0	0	0	0	0	0	
1.892e+08	0	6	0	0	0	0	0	0	0	0	0	0	
1.893e+08	0	6	0	0	0	0	0	0	0	0	0	0	
1.894e+08	0	6	0	0	0	0	0	0	0	0	0	0	
1.895e+08	0	6	0	0	0	0	0	0	0	0	0	0	
1.896e+08	0	6	0	0	0	0	0	0	0	0	0	0	
1.897e+08	0	6	0	0	0	0	0	0	0	0	0	0	
1.898e+08	0	6	0	0	0	0	0	0	0	0	0	0	
1.899e+08	0	6	0	0	0	0	0	0	0	0	0	0	
1.9e+08	0	6	0	0	0	0	0	0	0	0	0	0	
1.901e+08	0	6	0	0	0	0	0	0	0	0	0	0	
1.902e+08	0	6	0	0	0	0	0	0	0	0	0	0	
1.903e+08	0	6	0	0	0	0	0	0	0	0	0	0	
1.904e+08	0	6	0	0	0	0	0	0	0	0	0	0	
1.905e+08	0	6	0	0	0	0	0	0	0	0	0	0	
1.906e+08	0	6	0	0	0	0	0	0	0	0	0	0	
1.907e+08	0	6	0	0	0	0	0	0	0	0	0	0	
1.908e+08	0	6	0	0	0	0	0	0	0	0	0	0	
1.909e+08	0	6	0	0	0	0	0	0	0	0	0	0	
1.91e+08	0	6	0	0	0	0	0	0	0	0	0	0	
1.911e+08	0	6	0	0	0	0	0	0	0	0	0	0	
1.912e+08	0	6	0	0	0	0	0	0	0	0	0	0	
1.913e+08	0	6	0	0	0	0	0	0	0	0	0	0	
1.914e+08	0	6	0	0	0	0	0	0	0	0	0	0	
1.915e+08	0	6	0	0	0	0	0	0	0	0	0	0	
1.916e+08	0	6	0	0	0	0	0	0	0	0	0	0	
1.917e+08	0	6	0	0	0	0	0	0	0	0	0	0	
1.918e+08	0	6	0	0	0	0	0	0	0	0	0	0	
1.919e+08	0	6	0	0	0	0	0	0	0	0	0	0	
1.92e+08	0	6	0	0	0	0	0	0	0	0	0	0	
1.921e+08	0	6	0	0	0	0	0	0	0	0	0	0	
1.922e+08	0	6	0	0	0	0	0	0	0	0	0	0	
1.923e+08	0	6	0	0	0	0	0	0	0	0	0	0	
1.924e+08	0	6	0	0	0	0	0	0	0	0	0	0	
1.925e+08	0	6	0	0	0	0	0	0	0	0	0	0	
1.926e+08	0	6	0	0	0	0	0	0	0	0	0	0	
1.927e+08	0	6	0	0	0	0	0	0	0	0	0	0	
1.928e+08	0	6	0	0	0	0	0	0	0	0	0	0	
1.929e+08	0	6	0	0	0	0	0	0	0	0	0	0	
1.93e+08	0	6	0	0	0	0	0	0	0	0	0	0	
1.931e+08	0	6	0	0	0	0	0	0	0	0	0	0	
1.932e+08	0	6	0	0	0	0	0	0	0	0	0	0	
1.933e+08	0	6	0	0	0	0	0	0	0	0	0	0	
1.934e+08	0	6	0	0	0	0	0	0	0	0	0	0	
1.935e+08	0	6	0	0	0	0	0	0	0	0	0	0	
1.936e+08	0	6	0	0	0	0	0	0	0	0	0	0	
1.937e+08	0	6	0	0	0	0	0	0	0	0	0	0	
1.938e+08	0	6	0	0	0	0	0	0	0	0	0	0	
1.939e+08	0	6	0	0	0	0	0	0	0	0	0	0	
1.94e+08	0	6	0	0	0	0	0	0	0	0	0	0	
1.941e+08	0	6	0	0	0	0	0	0	0	0	0	0	
1.942e+08	0	6	0	0	0	0	0	0	0	0	0	0	
1.943e+08	0	6	0	0	0	0	0	0	0	0	0	0	
1.944e+08	0	6	0	0	0	0	0	0	0	0	0	0	
1.945e+08	0	6	0	0	0	0	0	0	0	0	0	0	
1.946e+08	0	6	0	0	0	0	0	0	0	0	0	0	
1.947e+08	0	6	0	0	0	0	0	0	0	0	0	0	
1.948e+08	0	6	0	0	0	0	0	0	0	0	0	0	
1.949e+08	0	6	0	0	0	0	0	0	0	0	0	0	
1.95e+08	0	6	0	0	0	0	0	0	0	0	0	0	
1.951e+08	0	6	0	0	0	0	0	0	0	0	0	0	
1.952e+08	0	6	0	0	0	0	0	0	0	0	0	0	
1.953e+08	0	6	0	0	0	0	0	0	0	0	0	0	
1.954e+08	0	6	0	0	0	0	0	0	0	0	0	0	
1.955e+08	0	6	0	0	0	0	0	0	0	0	0	0	
1.956e+08	0	6	0	0	0	0	0	0	0	0	0	0	
1.957e+08	0	6	0	0	0	0	0	0	0	0	0	0	
1.958e+08	0	6	0	0	0	0	0	0	0	0	0	0	
1.959e+08	0	6	0	0	0	0	0	0	0	0	0	0	
1.96e+08	0	6	0	0	0	0	0	0	0	0	0	0	
1.961e+08	0	6	0	0	0	0	0	0	0	0	0	0	
1.962e+08	0	6	0	0	0	0	0	0	0	0	0	0	
1.963e+08	0	6	0	0	0	0	0	0	0	0	0	0	
1.964e+08	0	6	0	0	0	0	0	0	0	0	0	0	
1.965e+08	0	6	0	0	0	0	0	0	0	0	0	0	
1.966e+08	0	6	0	0	0	0	0	0	0	0	0	0	
1.967e+08	0	6	0	0	0	0	0	0	0	0	0	0	
1.968e+08	0	6	0	0	0	0	0	0	0	0	0	0	
1.969e+08	0	6	0	0	0	0	0	0	0	0	0	0	
1.97e+08	0	6	0	0	0	0	0	0	0	0	0	0	
1.971e+08	0	6	0	0	0	0	0	0	0	0	0	0	
1.972e+08	0	6	0	0	0	0	0	0	0	0	0	0	
1.973e+08	0	6	0	0	0	0	0	0	0	0	0	0	
1.974e+08	0	6	0	0	0	0	0	0	0	0	0	0	
1.975e+08	0	6	0	0	0	0	0	0	0	0	0	0	
1.976e+08	0	6	0	0	0	0	0	0	0	0	0	0	
1.977e+08	0	6	0	0	0	0	0	0	0	0	0	0	
1.978e+08	0	6	0	0	0	0	0	0	0	0	0	0	
1.979e+08	0	6	0	0	0	0	0	0	0	0	0	0	
1.98e+08	0	6	0	0	0	0	0	0	0	0	0	0	
1.981e+08	0	6	0	0	0	0	0	0	0	0	0	0	
1.982e+08	0	6	0	0	0	0	0	0	0	0	0	0	
1.983e+08	0	6	0	0	0	0	0	0	0	0	0	0	
1.984e+08	0	6	0	0	0	0	0	0	0	0	0	0	
1.985e+08	0	6	0	0	0	0	0	0	0	0	0	0	
1.986e+08	0	6	0	0	0	0	0	0	0	0	0	0	
1.987e+08	0	6	0	0	0	0	0	0	0	0	0	0	
1.988e+08	0	6	0	0	0	0	0	0	0	0	0	0	
1.989e+08	0	6	0	0	0	0	0	0	0	0	0	0	
1.99e+08	0	6	0	0	0	0	0	0	0	0	0	0	
1.991e+08	0	6	0	0	0	0	0	0	0	0	0	0	
1.992e+08	0	6	0	0	0	0	0	0	0	0	0	0	
1.993e+08	0	6	0	0	0	0	0	0	0	0	0	0	
1.994e+08	0	6	0	0	0	0	0	0	0	0	0	0	
1.995e+08	0	6	0	0	0	0	0	0	0	0	0	0	
1.996e+08	0	6	0	0	0	0	0	0	0	0	0	0	
1.997e+08	0	6	0	0	0	0	0	0	0	0	0	0	
1.998e+08	0	6	0	0	0	0	0	0	0	0	0	0	
1.999e+08	0	6	0	0	0	0	0	0	0	0	0	0	
2e+08	0	6	0	0	0	0	0	0	0	0	0	0	
2.001e+08	0	6	0	0	0	0	0	0	0	0	0	0	
2.002e+08	0	6	0	0	0	0	0	0	0	0	0	0	
2.003e+08	0	6	0	0	0	0	0	0	0	0	0	0	
2.004e+08	0	6	0	0	0	0	0	0	0	0	0	0	
2.005e+08	0	6	0	0	0	0	0	0	0	0	0	0	
2.006e+08	0	6	0	0	0	0	0	0	0	0	0	0	
2.007e+08	0	6	0	0	0	0	0	0	0	0	0	0	
2.008e+08	0	6	0	0	0	0	0	0	0	0	0	0	
2.009e+08	0	6	0	0	0	0	0	0	0	0	0	0	
2.01e+08	0	6	0	0	0	0	0	0	0	0	0	0	
2.011e+08	0	6	0	0	0	0	0	0	0	0	0	0	
2.012e+08	0	6	0	0	0	0	0	0	0	0	0	0	
2.013e+08	0	6	0	0	0	0	0	0	0	0	0	0	
2.014e+08	0	6	0	0	0	0	0	0	0	0	0	0	
2.015e+08	0	6	0	0	0	0	0	0	0	0	0	0	
2.016e+08	0	6	0	0	0	0	0	0	0	0	0	0	
2.017e+08	0	6	0	0	0	0	0	0	0	0	0	0	
2.018e+08	0	6	0	0	0	0	0	0	0	0	0	0	
2.019e+08	0	6	0	0	0	0	0	0	0	0	0	0	
2.02e+08	0	6	0	0	0	0	0	0	0	0	0	0	
2.021e+08	0	6	0	0	0	0	0	0	0	0	0	0	
2.022e+08	0	6	0	0	0	0	0	0	0	0	0	0	
2.023e+08	0	6	0	0	0	0	0	0	0	0	0	0	
2.024e+08	0	6	0	0	0	0	0	0	0	0	0	0	
2.025e+08	0	6	0	0	0	0	0	0	0	0	0	0	
2.026e+08	0	6	0	0	0	0	0	0	0	0	0	0	
2.027e+08	0	6	0	0	0	0	0	0	0	0	0	0	
2.028e+08	0	6	0	0	0	0	0	0	0	0	0	0	
2.029e+08	0	6	0	0	0	0	0	0	0	0	0	0	
2.03e+08	0	6	0	0	0	0	0	0	0	0	0	0	
2.031e+08	0	6	0	0	0	0	0	0	0	0	0	0	
2.032e+08	0	6	0	0	0	0	0	0	0	0	0	0	
2.033e+08	0	6	0	0	0	0	0	0	0	0	0	0	
2.034e+08	0	6	0	0	0	0	0	0	0	0	0	0	
2.035e+08	0	6	0	0	0	0	0	0	0	0	0	0	
2.036e+08	0	6	0	0	0	0	0	0	0	0	0	0	
2.037e+08	0	6	0	0	0	0	0	0	0	0	0	0	
2.038e+08	0	6	0	0	0	0	0	0	0	0	0	0	
2.039e+08	0	6	0	0	0	0	0	0	0	0	0	0	
2.04e+08	0	6	0	0	0	0	0	0	0	0	0	0	
2.041e+08	0	6	0	0	0	0	0	0	0	0	0	0	
2.042e+08	0	6	0	0	0	0	0	0	0	0	0	0	
2.043e+08	0	6	0	0	0	0	0	0	0	0	0	0	
2.044e+08	0	6	0	0	0	0	0	0	0	0	0	0	
2.045e+08	0	6	0	0	0	0	0	0	0	0	0	0	
2.046e+08	0	6	0	0	0	0	0	0	0	0	0	0	
2.047e+08	0	6	0	0	0	0	0	0	0	0	0	0	
2.048e+08	0	6	0	0	0	0	0	0	0	0	0	0	
2.049e+08	0	6	0	0	0	0	0	0	0	0	0	0	
2.05e+08	0	6	0	0	0	0	0	0	0	0	0	0	
2.051e+08	0	6	0	0	0	0	0	0	0	0	0	0	
2.052e+08	0	6	0	0	0	0	0	0	0	0	0	0	
2.053e+08	0	6	0	0	0	0	0	0	0	0	0	0	
2.054e+08	0	6	0	0	0	0	0	0	0	0	0	0	
2.055e+08	0	6	0	0	0	0	0	0	0	0	0	0	
2.056e+08	0	6	0	0	0	0	0	0	0	0	0	0	
2.057e+08	0	6	0	0	0	0	0	0	0	0	0	0	
2.058e+08	0	6	0	0	0	0	0	0	0	0	0	0	
2.059e+08	0	6	0	0	0	0	0	0	0	0	0	0	
2.06e+08	0	6	0	0	0	0	0	0	0	0	0	0	
2.061e+08	0	6	0	0	0	0	0	0	0	0	0	0	
2.062e+08	0	6	0	0	0	0	0	0	0	0	0	0	
2.063e+08	0	6	0	0	0	0	0	0	0	0	0	0	
2.064e+08	0	6	0	0	0	0	0	0	0	0	0	0	
2.065e+08	0	6	0	0	0	0	0	0	0	0	0	0	
2.066e+08	0	6	0	0	0	0	0	0	0	0	0	0	
2.067e+08	0	6	0	0	0	0	0	0	0	0	0	0	
2.068e+08	0	6	0	0	0	0	0	0	0	0	0	0	
2.069e+08	0	6	0	0	0	0	0	0	0	0	0	0	
2.07e+08	0	6	0	0	0	0	0	0	0	0	0	0	
2.071e+08	0	6	0	0	0	0	0	0	0	0	0	0	
2.072e+08	0	6	0	0	0	0	0	0	0	0	0	0	
2.073e+08	0	6	0	0	0	0	0	0	0	0	0	0	
2.074e+08	0	6	0	0	0	0	0	0	0	0	0	0	
2.075e+08	0	6	0	0	0	0	0	0	0	0	0	0	
2.076e+08	0	6	0	0	0	0	0	0	0	0	0	0	
2.077e+08	0	6	0	0	0	0	0	0	0	0	0	0	
2.078e+08	0	6	0	0	0	0	0	0	0	0	0	0	
2.079e+08	0	6	0	0	0	0	0	0	0	0	0	0	
2.08e+08	0	6	0	0	0	0	0	0	0	0	0	0	
2.081e+08	0	6	0	0	0	0	0	0	0	0	0	0	
2.082e+08	0	6	0	0	0	0	0	0	0	0	0	0	
2.083e+08	0	6	0	0	0	0	0	0	0	0	0	0	
2.084e+08	0	6	0	0	0	0	0	0	0	0	0	0	
2.085e+08	0	6	0	0	0	0	0	0	0	0	0	0	
2.086e+08	0	6	0	0	0	0	0	0	0	0	0	0	
2.087e+08	0	6	0	0	0	0	0	0	0	0	0	0	
2.088e+08	0	6	0	0	0	0	0	0	0	0	0	0	
2.089e+08	0	6	0	0	0	0	0	0	0	0	0	0	
2.09e+08	0	6	0	0	0	0	0	0	0	0	0	0	
2.091e+08	0	6	0	0	0	0	0	0	0	0	0	0	
2.092e+08	0	6	0	0	0	0	0	0	0	0	0	0	
2.093e+08	0	6	0	0	0	0	0	0	0	0	0	0	
2.094e+08	0	6	0	0	0	0	0	0	0	0	0	0	
2.095e+08	0	6	0	0	0	0	0	0	0	0	0	0	
2.096e+08	0	6	0	0	0	0	0	0	0	0	0	0	
2.097e+08	0	6	0	0	0	0	0	0	0	0	0	0	
2.098e+08	0	6	0	0	0	0	0	0	0	0	0	0	
2.099e+08	0	6	0	0	0	0	0	0	0	0	0	0	
2.1e+08	0	6	0	0	0	0	0	0	0	0	0	0	
2.101e+08	0	6	0	0	0	0	0	0	0	0	0	0	
2.102e+08	0	6	0	0	0	0	0	0	0	0	0	0	
2.103e+08	0	6	0	0	0	0	0	0	0	0	0	0	
2.104e+08	0	6	0	0	0	0	0	0	0	0	0	0	
2.105e+08	0	6	0	0	0	0	0	0	0	0	0	0	
2.106e+08	0	6	0	0	0	0	0	0	0	0	0	0	
2.107e+08	0	6	0	0	0	0	0	0	0	0	0	0	
2.108e+08	0	6	0	0	0	0	0	0	0	0	0	0	
2.109e+08	0	6	0	0	0	0	0	0	0	0	0	0	
2.11e+08	0	6	0	0	0	0	0	0	0	0	0	0	
2.111e+08	0	6	0	0	0	0	0	0	0	0	0	0	
2.112e+08	0	6	0	0	0	0	0	0	0	0	0	0	
2.113e+08	0	6	0	0	0	0	0	0	0	0	0	0	
2.114e+08	0	6	0	0	0	0	0	0	0	0	0	0	
2.115e+08	0	6	0	0	0	0	0	0	0	0	0	0	
2.116e+08	0	6	0	0	0	0	0	0	0	0	0	0	
2.117e+08	0	6	0	0	0	0	0	0	0	0	0	0	
2.118e+08	0	6	0	0	0	0	0	0	0	0	0	0	
2.119e+08	0	6	0	0	0	0	0	0	0	0	0	0	
2.12e+08	0	6	0	0	0	0	0	0	0	0	0	0	
2.121e+08	0	6	0	0	0	0	0	0	0	0	0	0	
2.122e+08	0	6	0	0	0	0	0	0	0	0	0	0	
2.123e+08	0	6	0	0	0	0	0	0	0	0	0	0	
2.124e+08	0	6	0	0	0	0	0	0	0	0	0	0	
2.125e+08	0	6	0	0	0	0	0	0	0	0	0	0	
2.126e+08	0	6	0	0	0	0	0	0	0	0	0	0	
2.127e+08	0	6	0	0	0	0	0	0	0	0	0	0	
2.128e+08	0	6	0	0	0	0	0	0	0	0	0	0	
2.129e+08	0	6	0	0	0	0	0	0	0	0	0	0	
2.13e+08	0	6	0	0	0	0	0	0	0	0	0	0	
2.131e+08	0	6	0	0	0	0	0	0	0	0	0	0	
2.132e+08	0	6	0	0	0	0	0	0	0	0	0	0	
2.133e+08	0	6	0	0	0	0	0	0	0	0	0	0	
2.134e+08	0	6	0	0	0	0	0	0	0	0	0	0	
2.135e+08	0	6	0	0	0	0	0	0	0	0	0	0	
2.136e+08	0	6	0	0	0	0	0	0	0	0	0	0	
2.137e+08	0	6	0	0	0	0	0	0	0	0	0	0	
2.138e+08	0	6	0	0	0	0	0	0	0	0	0	0	
2.139e+08	0	6	0	0	0	0	0	0	0	0	0	0	
2.14e+08	0	6	0	0	0	0	0	0	0	0	0	0	
2.141e+08	0	6	0	0	0	0	0	0	0	0	0	0	
2.142e+08	0	6	0	0	0	0	0	0	0	0	0	0	
2.143e+08	0	6	0	0	0	0	0	0	0	0	0	0	
2.144e+08	0	6	0	0	0	0	0	0	0	0	0	0	
2.145e+08	0	6	0	0	0	0	0	0	0	0	0	0	
2.146e+08	0	6	0	0	0	0	0	0	0	0	0	0	
2.147e+08	0	6	0	0	0	0	0	0	0	0	0	0	
2.148e+08	0	6	0	0	0	0	0	0	0	0	0	0	
2.149e+08	0	6	0	0	0	0	0	0	0	0	0	0	
2.15e+08	0	6	0	0	0	0	0	0	0	0	0	0	
2.151e+08	0	6	0	0	0	0	0	0	0	0	0	0	
2.152e+08	0	6	0	0	0	0	0	0	0	0	0	0	
2.153e+08	0	6	0	0	0	0	0	0	0	0	0	0	
2.154e+08	0	6	0	0	0	0	0	0	0	0	0	0	
2.155e+08	0	6	0	0	0	0	0	0	0	0	0	0	
2.156e+08	0	6	0	0	0	0	0	0	0	0	0	0	
2.157e+08	0	6	0	0	0	0	0	0	0	0	0	0	
2.158e+08	0	6	0	0	0	0	0	0	0	0	0	0	
2.159e+08	0	6	0	0	0	0	0	0	0	0	0	0	
2.16e+08	0	6	0	0	0	0	0	0	0	0	0	0	
2.161e+08	0	6	0	0	0	0	0	0	0	0	0	0	
2.162e+08	0	6	0	0	0	0	0	0	0	0	0	0	
2.163e+08	0	6	0	0	0	0	0	0	0	0	0	0	
2.164e+08	0	6	0	0	0	0	0	0	0	0	0	0	
2.165e+08	0	6	0	0	0	0	0	0	0	0	0	0	
2.166e+08	0	6	0	0	0	0	0	0	0	0	0	0	
2.167e+08	0	6	0	0	0	0	0	0	0	0	0	0	
2.168e+08	0	6	0	0	0	0	0	0	0	0	0	0	
2.169e+08	0	6	0	0	0	0	0	0	0	0	0	0	
2.17e+08	0	6	0	0	0	0	0	0	0	0	0	0	
2.171e+08	0	6	0	0	0	0	0	0	0	0	0	0	
2.172e+08	0	6	0	0	0	0	0	0	0	0	0	0	
2.173e+08	0	6	0	0	0	0	0	0	0	0	0	0	
2.174e+08	0	6	0	0	0	0	0	0	0	0	0	0	
2.175e+08	0	6	0	0	0	0	0	0	0	0	0	0	
2.176e+08	0	6	0	0	0	0	0	0	0	0	0	0	
2.177e+08	0	6	0	0	0	0	0	0	0	0	0	0	
2.178e+08	0	6	0	0	0	0	0	0	0	0	0	0	
2.179e+08	0	6	0	0	0	0	0	0	0	0	0	0	
2.18e+08	0	6	0	0	0	0	0	0	0	0	0	0	
2.181e+08	0	6	0	0	0	0	0	0	0	0	0	0	
2.182e+08	0	6	0	0	0	0	0	0	0	0	0	0	
2.183e+08	0	6	0	0	0	0	0	0	0	0	0	0	
2.184e+08	0	6	0	0	0	0	0	0	0	0	0	0	
2.185e+08	0	6	0	0	0	0	0	0	0	0	0	0	
2.186e+08	0	6	0	0	0	0	0	0	0	0	0	0	
2.187e+08	0	6	0	0	0	0	0	0	0	0	0	0	
2.188e+08	0	6	0	0	0	0	0	0	0	0	0	0	
2.189e+08	0	6	0	0	0	0	0	0	0	0	0	0	
2.19e+08	0	6	0	0	0	0	0	0	0	0	0	0	
2.191e+08	0	6	0	0	0	0	0	0	0	0	0	0	
2.192e+08	0	6	0	0	0	0	0	0	0	0	0	0	
2.193e+08	0	6	0	0	0	0	0	0	0	0	0	0	
2.194e+08	0	6	0	0	0	0	0	0	0	0	0	0	
2.195e+08	0	6	0	0	0	0	0	0	0	0	0	0	
2.196e+08	0	6	0	0	0	0	0	0	0	0	0	0	
2.197e+08	0	6	0	0	0	0	0	0	0	0	0	0	
2.198e+08	0	6	0	0	0	0	0	0	0	0	0	0	
2.199e+08	0	6	0	0	0	0	0	0	0	0	0	0	
2.2e+08	0	6	0	0	0	0	0	0	0	0	0	0	
2.201e+08	0	6	0	0	0	0	0	0	0	0	0	0	
2.202e+08	0	6	0	0	0	0	0	0	0	0	0	0	
2.203e+08	0	6	0	0	0	0	0	0	0	0	0	0	
2.204e+08	0	6	0	0	0	0	0	0	0	0	0	0	
2.205e+08	0	6	0	0	0	0	0	0	0	0	0	0	
2.206e+08	0	6	0	0	0	0	0	0	0	0	0	0	
2.207e+08	0	6	0	0	0	0	0	0	0	0	0	0	
2.208e+08	0	6	0	0	0	0	0	0	0	0	0	0	
2.209e+08	0	6	0	0	0	0	0	0	0	0	0	0	
2.21e+08	0	6	0	0	0	0	0	0	0	0	0	0	
2.211e+08	0	6	0	0	0	0	0	0	0	0	0	0	
2.212e+08	0	6	0	0	0	0	0	0	0	0	0	0	
2.213e+08	0	6	0	0	0	0	0	0	0	0	0	0	
2.214e+08	0	6	0	0	0	0	0	0	0	0	0	0	
2.215e+08	0	6	0	0	0	0	0	0	0	0	0	0	
2.216e+08	0	6	0	0	0	0	0	0	0	0	0	0	
2.217e+08	0	6	0	0	0	0	0	0	0	0	0	0	
2.218e+08	0	6	0	0	0	0	0	0	0	0	0	0	
2.219e+08	0	6	0	0	0	0	0	0	0	0	0	0	
2.22e+08	0	6	0	0	0	0	0	0	0	0	0	0	
2.221e+08	0	6	0	0	0	0	0	0	0	0	0	0	
2.222e+08	0	6	0	0	0	0	0	0	0	0	0	0	
2.223e+08	0	6	0	0	0	0	0	0	0	0	0	0	
2.224e+08	0	6	0	0	0	0	0	0	0	0	0	0	
2.225e+08	0	6	0	0	0	0	0	0	0	0	0	0	
2.226e+08	0	6	0	0	0	0	0	0	0	0	0	0	
2.227e+08	0	6	0	0	0	0	0	0	0	0	0	0	
2.228e+08	0	6	0	0	0	0	0	0	0	0	0	0	
2.229e+08	0	6	0	0	0	0	0	0	0	0	0	0	
2.23e+08	0	4	0	1	0	0	0	0	0	0	0	0	
2.231e+08	0	6	0	0	0	0	0	0	0	0	0	0	
2.232e+08	0	6	0	0	0	0	0	0	0	0	0	0	
2.233e+08	0	6	0	0	0	0	0	0	0	0	0	0	
2.234e+08	0	6	0	0	0	0	0	0	0	0	0	0	
2.235e+08	0	6	0	0	0	0	0	0	0	0	0	0	
2.236e+08	0	6	0	0	0	0	0	0	0	0	0	0	
2.237e+08	0	6	0	0	0	0	0	0	0	0	0	0	
2.238e+08	0	6	0	0	0	0	0	0	0	0	0	0	
2.239e+08	0	6	0	0	0	0	0	0	0	0	0	0	
2.24e+08	0	6	0	0	0	0	0	0	0	0	0	0	
2.241e+08	0	6	0	0	0	0	0	0	0	0	0	0	
2.242e+08	0	6	0	0	0	0	0	0	0	0	0	0	
2.243e+08	0	6	0	0	0	0	0	0	0	0	0	0	
2.244e+08	0	6	0	0	0	0	0	0	0	0	0	0	
2.245e+08	0	6	0	0	0	0	0	0	0	0	0	0	
2.246e+08	0	6	0	0	0	0	0	0	0	0	0	0	
2.247e+08	0	6	0	0	0	0	0	0	0	0	0	0	
2.248e+08	0	6	0	0	0	0	0	0	0	0	0	0	
2.249e+08	0	6	0	0	0	0	0	0	0	0	0	0	
2.25e+08	0	6	0	0	0	0	0	0	0	0	0	0	
2.251e+08	0	6	0	0	0	0	0	0	0	0	0	0	
2.252e+08	0	6	0	0	0	0	0	0	0	0	0	0	
2.253e+08	0	6	0	0	0	0	0	0	0	0	0	0	
2.254e+08	0	6	0	0	0	0	0	0	0	0	0	0	
2.255e+08	0	6	0	0	0	0	0	0	0	0	0	0	
2.256e+08	0	6	0	0	0	0	0	0	0	0	0	0	
2.257e+08	0	6	0	0	0	0	0	0	0	0	0	0	
2.258e+08	0	6	0	0	0	0	0	0	0	0	0	0	
2.259e+08	0	6	0	0	0	0	0	0	0	0	0	0	
2.26e+08	0	6	0	0	0	0	0	0	0	0	0	0	
2.261e+08	0	6	0	0	0	0	0	0	0	0	0	0	
2.262e+08	0	6	0	0	0	0	0	0	0	0	0	0	
2.263e+08	0	6	0	0	0	0	0	0	0	0	0	0	
2.264e+08	0	6	0	0	0	0	0	0	0	0	0	0	
2.265e+08	0	6	0	0	0	0	0	0	0	0	0	0	
2.266e+08	0	6	0	0	0	0	0	0	0	0	0	0	
2.267e+08	0	6	0	0	0	0	0	0	0	0	0	0	
2.268e+08	0	6	0	0	0	0	0	0	0	0	0	0	
2.269e+08	0	6	0	0	0	0	0	0	0	0	0	0	
2.27e+08	0	6	0	0	0	0	0	0	0	0	0	0	
2.271e+08	0	6	0	0	0	0	0	0	0	0	0	0	
2.272e+08	0	6	0	0	0	0	0	0	0	0	0	0	
2.273e+08	0	6	0	0	0	0	0	0	0	0	0	0	
2.274e+08	0	6	0	0	0	0	0	0	0	0	0	0	
2.275e+08	0	6	0	0	0	0	0	0	0	0	0	0	
2.276e+08	0	6	0	0	0	0	0	0	0	0	0	0	
2.277e+08	0	6	0	0	0	0	0	0	0	0	0	0	
2.278e+08	0	6	0	0	0	0	0	0	0	0	0	0	
2.279e+08	0	6	0	0	0	0	0	0	0	0	0	0	
2.28e+08	0	6	0	0	0	0	0	0	0	0	0	0	
2.281e+08	0	6	0	0	0	0	0	0	0	0	0	0	
2.282e+08	0	6	0	0	0	0	0	0	0	0	0	0	
2.283e+08	0	6	0	0	0	0	0	0	0	0	0	0	
2.284e+08	0	6	0	0	0	0	0	0	0	0	0	0	
2.285e+08	0	6	0	0	0	0	0	0	0	0	0	0	
2.286e+08	0	6	0	0	0	0	0	0	0	0	0	0	
2.287e+08	0	6	0	0	0	0	0	0	0	0	0	0	
2.288e+08	0	6	0	0	0	0	0	0	0	0	0	0	
2.289e+08	0	6	0	0	0	0	0	0	0	0	0	0	
2.29e+08	0	6	0	0	0	0	0	0	0	0	0	0	
2.291e+08	0	6	0	0	0	0	0	0	0	0	0	0	
2.292e+08	0	6	0	0	0	0	0	0	0	0	0	0	
2.293e+08	0	6	0	0	0	0	0	0	0	0	0	0	
2.294e+08	0	6	0	0	0	0	0	0	0	0	0	0	
2.295e+08	0	6	0	0	0	0	0	0	0	0	0	0	
2.296e+08	0	6	0	0	0	0	0	0	0	0	0	0	
2.297e+08	0	6	0	0	0	0	0	0	0	0	0	0	
2.298e+08	0	6	0	0	0	0	0	0	0	0	0	0	
2.299e+08	0	6	0	0	0	0	0	0	0	0	0	0	
2.3e+08	0	6	0	0	0	0	0	0	0	0	0	0	
2.301e+08	0	6	0	0	0	0	0	0	0	0	0	0	
2.302e+08	0	6	0	0	0	0	0	0	0	0	0	0	
2.303e+08	0	6	0	0	0	0	0	0	0	0	0	0	
2.304e+08	0	6	0	0	0	0	0	0	0	0	0	0	
2.305e+08	0	6	0	0	0	0	0	0	0	0	0	0	
2.306e+08	0	6	0	0	0	0	0	0	0	0	0	0	
2.307e+08	0	6	0	0	0	0	0	0	0	0	0	0	
2.308e+08	0	6	0	0	0	0	0	0	0	0	0	0	
2.309e+08	0	6	0	0	0	0	0	0	0	0	0	0	
2.31e+08	0	6	0	0	0	0	0	0	0	0	0	0	
2.311e+08	0	6	0	0	0	0	0	0	0	0	0	0	
2.312e+08	0	6	0	0	0	0	0	0	0	0	0	0	
2.313e+08	0	6	0	0	0	0	0	0	0	0	0	0	
2.314e+08	0	6	0	0	0	0	0	0	0	0	0	0	
2.315e+08	0	6	0	0	0	0	0	0	0	0	0	0	
2.316e+08	0	6	0	0	0	0	0	0	0	0	0	0	
2.317e+08	0	6	0	0	0	0	0	0	0	0	0	0	
2.318e+08	0	6	0	0	0	0	0	0	0	0	0	0	
2.319e+08	0	6	0	0	0	0	0	0	0	0	0	0	
2.32e+08	0	6	0	0	0	0	0	0	0	0	0	0	
2.321e+08	0	6	0	0	0	0	0	0	0	0	0	0	
2.322e+08	0	6	0	0	0	0	0	0	0	0	0	0	
2.323e+08	0	6	0	0	0	0	0	0	0	0	0	0	
2.324e+08	0	6	0	0	0	0	0	0	0	0	0	0	
2.325e+08	0	6	0	0	0	0	0	0	0	0	0	0	
2.326e+08	0	6	0	0	0	0	0	0	0	0	0	0	
2.327e+08	0	6	0	0	0	0	0	0	0	0	0	0	
2.328e+08	0	6	0	0	0	0	0	0	0	0	0	0	
2.329e+08	0	6	0	0	0	0	0	0	0	0	0	0	
2.33e+08	0	6	0	0	0	0	0	0	0	0	0	0	
2.331e+08	0	6	0	0	0	0	0	0	0	0	0	0	
2.332e+08	0	6	0	0	0	0	0	0	0	0	0	0	
2.333e+08	0	6	0	0	0	0	0	0	0	0	0	0	
2.334e+08	0	6	0	0	0	0	0	0	0	0	0	0	
2.335e+08	0	6	0	0	0	0	0	0	0	0	0	0	
2.336e+08	0	6	0	0	0	0	0	0	0	0	0	0	
2.337e+08	0	6	0	0	0	0	0	0	0	0	0	0	
2.338e+08	0	6	0	0	0	0	0	0	0	0	0	0	
2.339e+08	0	6	0	0	0	0	0	0	0	0	0	0	
2.34e+08	0	6	0	0	0	0	0	0	0	0	0	0	
2.341e+08	0	6	0	0	0	0	0	0	0	0	0	0	
2.342e+08	0	6	0	0	0	0	0	0	0	0	0	0	
2.343e+08	0	6	0	0	0	0	0	0	0	0	0	0	
2.344e+08	0	6	0	0	0	0	0	0	0	0	0	0	
2.345e+08	0	6	0	0	0	0	0	0	0	0	0	0	
2.346e+08	0	6	0	0	0	0	0	0	0	0	0	0	
2.347e+08	0	6	0	0	0	0	0	0	0	0	0	0	
2.348e+08	0	6	0	0	0	0	0	0	0	0	0	0	
2.349e+08	0	6	0	0	0	0	0	0	0	0	0	0	
2.35e+08	0	6	0	0	0	0	0	0	0	0	0	0	
2.351e+08	0	6	0	0	0	0	0	0	0	0	0	0	
2.352e+08	0	6	0	0	0	0	0	0	0	0	0	0	
2.353e+08	0	6	0	0	0	0	0	0	0	0	0	0	
2.354e+08	0	6	0	0	0	0	0	0	0	0	0	0	
2.355e+08	0	6	0	0	0	0	0	0	0	0	0	0	
2.356e+08	0	6	0	0	0	0	0	0	0	0	0	0	
2.357e+08	0	6	0	0	0	0	0	0	0	0	0	0	
2.358e+08	0	6	0	0	0	0	0	0	0	0	0	0	
2.359e+08	0	6	0	0	0	0	0	0	0	0	0	0	
2.36e+08	0	6	0	0	0	0	0	0	0	0	0	0	
2.361e+08	0	6	0	0	0	0	0	0	0	0	0	0	
2.362e+08	0	6	0	0	0	0	0	0	0	0	0	0	
2.363e+08	0	6	0	0	0	0	0	0	0	0	0	0	
2.364e+08	0	6	0	0	0	0	0	0	0	0	0	0	
2.365e+08	0	6	0	0	0	0	0	0	0	0	0	0	
2.366e+08	0	6	0	0	0	0	0	0	0	0	0	0	
2.367e+08	0	6	0	0	0	0	0	0	0	0	0	0	
2.368e+08	0	6	0	0	0	0	0	0	0	0	0	0	
2.369e+08	0	6	0	0	0	0	0	0	0	0	0	0	
2.37e+08	0	6	0	0	0	0	0	0	0	0	0	0	
2.371e+08	0	6	0	0	0	0	0	0	0	0	0	0	
2.372e+08	0	6	0	0	0	0	0	0	0	0	0	0	
2.373e+08	0	6	0	0	0	0	0	0	0	0	0	0	
2.374e+08	0	6	0	0	0	0	0	0	0	0	0	0	
2.375e+08	0	6	0	0	0	0	0	0	0	0	0	0	
2.376e+08	0	6	0	0	0	0	0	0	0	0	0	0	
2.377e+08	0	6	0	0	0	0	0	0	0	0	0	0	
2.378e+08	0	6	0	0	0	0	0	0	0	0	0	0	
2.379e+08	0	6	0	0	0	0	0	0	0	0	0	0	
2.38e+08	0	6	0	0	0	0	0	0	0	0	0	0	
2.381e+08	0	6	0	0	0	0	0	0	0	0	0	0	
2.382e+08	0	6	0	0	0	0	0	0	0	0	0	0	
2.383e+08	0	6	0	0	0	0	0	0	0	0	0	0	
2.384e+08	0	6	0	0	0	0	0	0	0	0	0	0	
2.385e+08	0	6	0	0	0	0	0	0	0	0	0	0	
2.386e+08	0	6	0	0	0	0	0	0	0	0	0	0	
2.387e+08	0	6	0	0	0	0	0	0	0	0	0	0	
2.388e+08	0	6	0	0	0	0	0	0	0	0	0	0	
2.389e+08	0	6	0	0	0	0	0	0	0	0	0	0	
2.39e+08	0	6	0	0	0	0	0	0	0	0	0	0	
2.391e+08	0	6	0	0	0	0	0	0	0	0	0	0	
2.392e+08	0	6	0	0	0	0	0	0	0	0	0	0	
2.393e+08	0	6	0	0	0	0	0	0	0	0	0	0	
2.394e+08	0	6	0	0	0	0	0	0	0	0	0	0	
2.395e+08	0	6	0	0	0	0	0	0	0	0	0	0	
2.396e+08	0	6	0	0	0	0	0	0	0	0	0	0	
2.397e+08	0	6	0	0	0	0	0	0	0	0	0	0	
2.398e+08	0	6	0	0	0	0	0	0	0	0	0	0	
2.399e+08	0	6	0	0	0	0	0	0	0	0	0	0	
2.4e+08	0	6	0	0	0	0	0	0	0	0	0	0	
2.401e+08	0	6	0	0	0	0	0	0	0	0	0	0	
2.402e+08	0	6	0	0	0	0	0	0	0	0	0	0	
2.403e+08	0	6	0	0	0	0	0	0	0	0	0	0	
2.404e+08	0	6	0	0	0	0	0	0	0	0	0	0	
2.405e+08	0	6	0	0	0	0	0	0	0	0	0	0	
2.406e+08	0	6	0	0	0	0	0	0	0	0	0	0	
2.407e+08	0	6	0	0	0	0	0	0	0	0	0	0	
2.408e+08	0	6	0	0	0	0	0	0	0	0	0	0	
2.409e+08	0	6	0	0	0	0	0	0	0	0	0	0	
2.41e+08	0	6	0	0	0	0	0	0	0	0	0	0	
2.411e+08	0	6	0	0	0	0	0	0	0	0	0	0	
2.412e+08	0	6	0	0	0	0	0	0	0	0	0	0	
2.413e+08	0	6	0	0	0	0	0	0	0	0	0	0	
2.414e+08	0	6	0	0	0	0	0	0	0	0	0	0	
2.415e+08	0	6	0	0	0	0	0	0	0	0	0	0	
2.416e+08	0	6	0	0	0	0	0	0	0	0	0	0	
2.417e+08	0	6	0	0	0	0	0	0	0	0	0	0	
2.418e+08	0	6	0	0	0	0	0	0	0	0	0	0	
2.419e+08	0	6	0	0	0	0	0	0	0	0	0	0	
2.42e+08	0	6	0	0	0	0	0	0	0	0	0	0	
2.421e+08	0	6	0	0	0	0	0	0	0	0	0	0	
2.422e+08	0	6	0	0	0	0	0	0	0	0	0	0	
2.423e+08	0	6	0	0	0	0	0	0	0	0	0	0	
2.424e+08	0	6	0	0	0	0	0	0	0	0	0	0	
2.425e+08	0	6	0	0	0	0	0	0	0	0	0	0	
2.426e+08	0	6	0	0	0	0	0	0	0	0	0	0	
2.427e+08	0	6	0	0	0	0	0	0	0	0	0	0	
2.428e+08	0	6	0	0	0	0	0	0	0	0	0	0	
2.429e+08	0	6	0	0	0	0	0	0	0	0	0	0	
2.43e+08	0	6	0	0	0	0	0	0	0	0	0	0	
2.431e+08	0	6	0	0	0	0	0	0	0	0	0	0	
2.432e+08	0	6	0	0	0	0	0	0	0	0	0	0	
2.433e+08	0	6	0	0	0	0	0	0	0	0	0	0	
2.434e+08	0	6	0	0	0	0	0	0	0	0	0	0	
2.435e+08	0	6	0	0	0	0	0	0	0	0	0	0	
2.436e+08	0	6	0	0	0	0	0	0	0	0	0	0	
2.437e+08	0	6	0	0	0	0	0	0	0	0	0	0	
2.438e+08	0	6	0	0	0	0	0	0	0	0	0	0	
2.439e+08	0	6	0	0	0	0	0	0	0	0	0	0	
2.44e+08	0	6	0	0	0	0	0	0	0	0	0	0	
2.441e+08	0	6	0	0	0	0	0	0	0	0	0	0	
2.442e+08	0	6	0	0	0	0	0	0	0	0	0	0	
2.443e+08	0	6	0	0	0	0	0	0	0	0	0	0	
2.444e+08	0	6	0	0	0	0	0	0	0	0	0	0	
2.445e+08	0	6	0	0	0	0	0	0	0	0	0	0	
2.446e+08	0	6	0	0	0	0	0	0	0	0	0	0	
2.447e+08	0	6	0	0	0	0	0	0	0	0	0	0	
2.448e+08	0	6	0	0	0	0	0	0	0	0	0	0	
2.449e+08	0	6	0	0	0	0	0	0	0	0	0	0	
2.45e+08	0	6	0	0	0	0	0	0	0	0	0	0	
2.451e+08	0	6	0	0	0	0	0	0	0	0	0	0	
2.452e+08	0	6	0	0	0	0	0	0	0	0	0	0	
2.453e+08	0	6	0	0	0	0	0	0	0	0	0	0	
2.454e+08	0	6	0	0	0	0	0	0	0	0	0	0	
2.455e+08	0	6	0	0	0	0	0	0	0	0	0	0	
2.456e+08	0	6	0	0	0	0	0	0	0	0	0	0	
2.457e+08	0	6	0	0	0	0	0	0	0	0	0	0	
2.458e+08	0	6	0	0	0	0	0	0	0	0	0	0	
2.459e+08	0	6	0	0	0	0	0	0	0	0	0	0	
2.46e+08	0	6	0	0	0	0	0	0	0	0	0	0	
2.461e+08	0	6	0	0	0	0	0	0	0	0	0	0	
2.462e+08	0	6	0	0	0	0	0	0	0	0	0	0	
2.463e+08	0	6	0	0	0	0	0	0	0	0	0	0	
2.464e+08	0	6	0	0	0	0	0	0	0	0	0	0	
2.465e+08	0	6	0	0	0	0	0	0	0	0	0	0	
2.466e+08	0	6	0	0	0	0	0	0	0	0	0	0	
2.467e+08	0	6	0	0	0	0	0	0	0	0	0	0	
2.468e+08	0	6	0	0	0	0	0	0	0	0	0	0	
2.469e+08	0	6	0	0	0	0	0	0	0	0	0	0	
2.47e+08	0	6	0	0	0	0	0	0	0	0	0	0	
2.471e+08	0	6	0	0	0	0	0	0	0	0	0	0	
2.472e+08	0	6	0	0	0	0	0	0	0	0	0	0	
2.473e+08	0	6	0	0	0	0	0	0	0	0	0	0	
2.474e+08	0	6	0	0	0	0	0	0	0	0	0	0	
2.475e+08	0	6	0	0	0	0	0	0	0	0	0	0	
2.476e+08	0	6	0	0	0	0	0	0	0	0	0	0	
2.477e+08	0	6	0	0	0	0	0	0	0	0	0	0	
2.478e+08	0	6	0	0	0	0	0	0	0	0	0	0	
2.479e+08	0	6	0	0	0	0	0	0	0	0	0	0	
2.48e+08	0	6	0	0	0	0	0	0	0	0	0	0	
2.481e+08	0	6	0	0	0	0	0	0	0	0	0	0	
2.482e+08	0	6	0	0	0	0	0	0	0	0	0	0	
2.483e+08	0	6	0	0	0	0	0	0	0	0	0	0	
2.484e+08	0	6	0	0	0	0	0	0	0	0	0	0	
2.485e+08	0	6	0	0	0	0	0	0	0	0	0	0	
2.486e+08	0	6	0	0	0	0	0	0	0	0	0	0	
2.487e+08	0	6	0	0	0	0	0	0	0	0	0	0	
2.488e+08	0	6	0	0	0	0	0	0	0	0	0	0	
2.489e+08	0	6	0	0	0	0	0	0	0	0	0	0	
2.49e+08	0	6	0	0	0	0	0	0	0	0	0	0	
2.491e+08	0	6	0	0	0	0	0	0	0	0	0	0	
2.492e+08	0	6	0	0	0	0	0	0	0	0	0	0	
2.493e+08	0	6	0	0	0	0	0	0	0	0	0	0	
2.494e+08	0	6	0	0	0	0	0	0	0	0	0	0	
2.495e+08	0	6	0	0	0	0	0	0	0	0	0	0	
2.496e+08	0	6	0	0	0	0	0	0	0	0	0	0	
2.497e+08	0	6	0	0	0	0	0	0	0	0	0	0	
2.498e+08	0	6	0	0	0	0	0	0	0	0	0	0	
2.499e+08	0	6	0	0	0	0	0	0	0	0	0	0	
2.5e+08	0	6	0	0	0	0	0	0	0	0	0	0	
2.501e+08	0	6	0	0	0	0	0	0	0	0	0	0	
2.502e+08	0	6	0	0	0	0	0	0	0	0	0	0	
2.503e+08	0	6	0	0	0	0	0	0	0	0	0	0	
2.504e+08	0	6	0	0	0	0	0	0	0	0	0	0	
2.505e+08	0	6	0	0	0	0	0	0	0	0	0	0	
2.506e+08	0	6	0	0	0	0	0	0	0	0	0	0	
2.507e+08	0	6	0	0	0	0	0	0	0	0	0	0	
2.508e+08	0	6	0	0	0	0	0	0	0	0	0	0	
2.509e+08	0	6	0	0	0	0	0	0	0	0	0	0	
2.51e+08	0	6	0	0	0	0	0	0	0	0	0	0	
2.511e+08	0	6	0	0	0	0	0	0	0	0	0	0	
2.512e+08	0	6	0	0	0	0	0	0	0	0	0	0	
2.513e+08	0	6	0	0	0	0	0	0	0	0	0	0	
2.514e+08	0	6	0	0	0	0	0	0	0	0	0	0	
2.515e+08	0	6	0	0	0	0	0	0	0	0	0	0	
2.516e+08	0	6	0	0	0	0	0	0	0	0	0	0	
2.517e+08	0	6	0	0	0	0	0	0	0	0	0	0	
2.518e+08	0	6	0	0	0	0	0	0	0	0	0	0	
2.519e+08	0	6	0	0	0	0	0	0	0	0	0	0	
2.52e+08	0	6	0	0	0	0	0	0	0	0	0	0	
2.521e+08	0	6	0	0	0	0	0	0	0	0	0	0	
2.522e+08	0	6	0	0	0	0	0	0	0	0	0	0	
2.523e+08	0	6	0	0	0	0	0	0	0	0	0	0	
2.524e+08	0	6	0	0	0	0	0	0	0	0	0	0	
2.525e+08	0	6	0	0	0	0	0	0	0	0	0	0	
2.526e+08	0	6	0	0	0	0	0	0	0	0	0	0	
2.527e+08	0	6	0	0	0	0	0	0	0	0	0	0	
2.528e+08	0	6	0	0	0	0	0	0	0	0	0	0	
2.529e+08	0	6	0	0	0	0	0	0	0	0	0	0	
2.53e+08	0	6	0	0	0	0	0	0	0	0	0	0	
2.531e+08	0	6	0	0	0	0	0	0	0	0	0	0	
2.532e+08	0	6	0	0	0	0	0	0	0	0	0	0	
2.533e+08	0	6	0	0	0	0	0	0	0	0	0	0	
2.534e+08	0	6	0	0	0	0	0	0	0	0	0	0	
2.535e+08	0	6	0	0	0	0	0	0	0	0	0	0	
2.536e+08	0	6	0	0	0	0	0	0	0	0	0	0	
2.537e+08	0	6	0	0	0	0	0	0	0	0	0	0	
2.538e+08	0	6	0	0	0	0	0	0	0	0	0	0	
2.539e+08	0	6	0	0	0	0	0	0	0	0	0	0	
2.54e+08	0	6	0	0	0	0	0	0	0	0	0	0	
2.541e+08	0	6	0	0	0	0	0	0	0	0	0	0	
2.542e+08	0	6	0	0	0	0	0	0	0	0	0	0	
2.543e+08	0	6	0	0	0	0	0	0	0	0	0	0	
2.544e+08	0	6	0	0	0	0	0	0	0	0	0	0	
2.545e+08	0	6	0	0	0	0	0	0	0	0	0	0	
2.546e+08	0	6	0	0	0	0	0	0	0	0	0	0	
2.547e+08	0	6	0	0	0	0	0	0	0	0	0	0	
2.548e+08	0	6	0	0	0	0	0	0	0	0	0	0	
2.549e+08	0	6	0	0	0	0	0	0	0	0	0	0	
2.55e+08	0	6	0	0	0	0	0	0	0	0	0	0	
2.551e+08	0	6	0	0	0	0	0	0	0	0	0	0	
2.552e+08	0	6	0	0	0	0	0	0	0	0	0	0	
2.553e+08	0	6	0	0	0	0	0	0	0	0	0	0	
2.554e+08	0	6	0	0	0	0	0	0	0	0	0	0	
2.555e+08	0	6	0	0	0	0	0	0	0	0	0	0	
2.556e+08	0	6	0	0	0	0	0	0	0	0	0	0	
2.557e+08	0	6	0	0	0	0	0	0	0	0	0	0	
2.558e+08	0	6	0	0	0	0	0	0	0	0	0	0	
2.559e+08	0	6	0	0	0	0	0	0	0	0	0	0	
2.56e+08	0	6	0	0	0	0	0	0	0	0	0	0	
2.561e+08	0	6	0	0	0	0	0	0	0	0	0	0	
2.562e+08	0	6	0	0	0	0	0	0	0	0	0	0	
2.563e+08	0	6	0	0	0	0	0	0	0	0	0	0	
2.564e+08	0	6	0	0	0	0	0	0	0	0	0	0	
2.565e+08	0	6	0	0	0	0	0	0	0	0	0	0	
2.566e+08	0	6	0	0	0	0	0	0	0	0	0	0	
2.567e+08	0	6	0	0	0	0	0	0	0	0	0	0	
2.568e+08	0	6	0	0	0	0	0	0	0	0	0	0	
2.569e+08	0	6	0	0	0	0	0	0	0	0	0	0	
2.57e+08	0	6	0	0	0	0	0	0	0	0	0	0	
2.571e+08	0	6	0	0	0	0	0	0	0	0	0	0	
2.572e+08	0	6	0	0	0	0	0	0	0	0	0	0	
2.573e+08	0	6	0	0	0	0	0	0	0	0	0	0	
2.574e+08	0	6	0	0	0	0	0	0	0	0	0	0	
2.575e+08	0	6	0	0	0	0	0	0	0	0	0	0	
2.576e+08	0	6	0	0	0	0	0	0	0	0	0	0	
2.577e+08	0	6	0	0	0	0	0	0	0	0	0	0	
2.578e+08	0	6	0	0	0	0	0	0	0	0	0	0	
2.579e+08	0	6	0	0	0	0	0	0	0	0	0	0	
2.58e+08	0	6	0	0	0	0	0	0	0	0	0	0	
2.581e+08	0	6	0	0	0	0	0	0	0	0	0	0	
2.582e+08	0	6	0	0	0	0	0	0	0	0	0	0	
2.583e+08	0	6	0	0	0	0	0	0	0	0	0	0	
2.584e+08	0	6	0	0	0	0	0	0	0	0	0	0	
2.585e+08	0	6	0	0	0	0	0	0	0	0	0	0	
2.586e+08	0	6	0	0	0	0	0	0	0	0	0	0	
2.587e+08	0	6	0	0	0	0	0	0	0	0	0	0	
2.588e+08	0	6	0	0	0	0	0	0	0	0	0	0	
2.589e+08	0	6	0	0	0	0	0	0	0	0	0	0	
2.59e+08	0	6	0	0	0	0	0	0	0	0	0	0	
2.591e+08	0	6	0	0	0	0	0	0	0	0	0	0	
2.592e+08	0	6	0	0	0	0	0	0	0	0	0	0	
2.593e+08	0	6	0	0	0	0	0	0	0	0	0	0	
2.594e+08	0	6	0	0	0	0	0	0	0	0	0	0	
2.595e+08	0	6	0	0	0	0	0	0	0	0	0	0	
2.596e+08	0	6	0	0	0	0	0	0	0	0	0	0	
2.597e+08	0	6	0	0	0	0	0	0	0	0	0	0	
2.598e+08	0	6	0	0	0	0	0	0	0	0	0	0	
2.599e+08	0	6	0	0	0	0	0	0	0	0	0	0	
2.6e+08	0	6	0	0	0	0	0	0	0	0	0	0	
2.601e+08	0	6	0	0	0	0	0	0	0	0	0	0	
2.602e+08	0	6	0	0	0	0	0	0	0	0	0	0	
2.603e+08	0	6	0	0	0	0	0	0	0	0	0	0	
2.604e+08	0	6	0	0	0	0	0	0	0	0	0	0	
2.605e+08	0	6	0	0	0	0	0	0	0	0	0	0	
2.606e+08	0	6	0	0	0	0	0	0	0	0	0	0	
2.607e+08	0	6	0	0	0	0	0	0	0	0	0	0	
2.608e+08	0	6	0	0	0	0	0	0	0	0	0	0	
2.609e+08	0	6	0	0	0	0	0	0	0	0	0	0	
2.61e+08	0	6	0	0	0	0	0	0	0	0	0	0	
2.611e+08	0	6	0	0	0	0	0	0	0	0	0	0	
2.612e+08	0	6	0	0	0	0	0	0	0	0	0	0	
2.613e+08	0	6	0	0	0	0	0	0	0	0	0	0	
2.614e+08	0	6	0	0	0	0	0	0	0	0	0	0	
2.615e+08	0	6	0	0	0	0	0	0	0	0	0	0	
2.616e+08	0	6	0	0	0	0	0	0	0	0	0	0	
2.617e+08	0	6	0	0	0	0	0	0	0	0	0	0	
2.618e+08	0	6	0	0	0	0	0	0	0	0	0	0	
2.619e+08	0	6	0	0	0	0	0	0	0	0	0	0	
2.62e+08	0	6	0	0	0	0	0	0	0	0	0	0	
2.621e+08	0	6	0	0	0	0	0	0	0	0	0	0	
2.622e+08	0	6	0	0	0	0	0	0	0	0	0	0	
2.623e+08	0	6	0	0	0	0	0	0	0	0	0	0	
2.624e+08	0	6	0	0	0	0	0	0	0	0	0	0	
2.625e+08	0	6	0	0	0	0	0	0	0	0	0	0	
2.626e+08	0	6	0	0	0	0	0	0	0	0	0	0	
2.627e+08	0	6	0	0	0	0	0	0	0	0	0	0	
2.628e+08	0	6	0	0	0	0	0	0	0	0	0	0	
2.629e+08	0	6	0	0	0	0	0	0	0	0	0	0	
2.63e+08	0	6	0	0	0	0	0	0	0	0	0	0	
2.631e+08	0	6	0	0	0	0	0	0	0	0	0	0	
2.632e+08	0	6	0	0	0	0	0	0	0	0	0	0	
2.633e+08	0	6	0	0	0	0	0	0	0	0	0	0	
2.634e+08	0	6	0	0	0	0	0	0	0	0	0	0	
2.635e+08	0	6	0	0	0	0	0	0	0	0	0	0	
2.636e+08	0	6	0	0	0	0	0	0	0	0	0	0	
2.637e+08	0	6	0	0	0	0	0	0	0	0	0	0	
2.638e+08	0	6	0	0	0	0	0	0	0	0	0	0	
2.639e+08	0	6	0	0	0	0	0	0	0	0	0	0	
2.64e+08	0	6	0	0	0	0	0	0	0	0	0	0	
2.641e+08	0	6	0	0	0	0	0	0	0	0	0	0	
2.642e+08	0	6	0	0	0	0	0	0	0	0	0	0	
2.643e+08	0	6	0	0	0	0	0	0	0	0	0	0	
2.644e+08	0	6	0	0	0	0	0	0	0	0	0	0	
2.645e+08	0	6	0	0	0	0	0	0	0	0	0	0	
2.646e+08	0	6	0	0	0	0	0	0	0	0	0	0	
2.647e+08	0	6	0	0	0	0	0	0	0	0	0	0	
2.648e+08	0	6	0	0	0	0	0	0	0	0	0	0	
2.649e+08	0	6	0	0	0	0	0	0	0	0	0	0	
2.65e+08	0	6	0	0	0	0	0	0	0	0	0	0	
2.651e+08	0	6	0	0	0	0	0	0	0	0	0	0	
2.652e+08	0	6	0	0	0	0	0	0	0	0	0	0	
2.653e+08	0	6	0	0	0	0	0	0	0	0	0	0	
2.654e+08	0	6	0	0	0	0	0	0	0	0	0	0	
2.655e+08	0	6	0	0	0	0	0	0	0	0	0	0	
2.656e+08	0	6	0	0	0	0	0	0	0	0	0	0	
2.657e+08	0	6	0	0	0	0	0	0	0	0	0	0	
2.658e+08	0	6	0	0	0	0	0	0	0	0	0	0	
2.659e+08	0	6	0	0	0	0	0	0	0	0	0	0	
2.66e+08	0	6	0	0	0	0	0	0	0	0	0	0	
2.661e+08	0	6	0	0	0	0	0	0	0	0	0	0	
2.662e+08	0	6	0	0	0	0	0	0	0	0	0	0	
2.663e+08	0	6	0	0	0	0	0	0	0	0	0	0	
2.664e+08	0	6	0	0	0	0	0	0	0	0	0	0	
2.665e+08	0	6	0	0	0	0	0	0	0	0	0	0	
2.666e+08	0	6	0	0	0	0	0	0	0	0	0	0	
2.667e+08	0	6	0	0	0	0	0	0	0	0	0	0	
2.668e+08	0	6	0	0	0	0	0	0	0	0	0	0	
2.669e+08	0	6	0	0	0	0	0	0	0	0	0	0	
2.67e+08	0	6	0	0	0	0	0	0	0	0	0	0	
2.671e+08	0	6	0	0	0	0	0	0	0	0	0	0	
2.672e+08	0	6	0	0	0	0	0	0	0	0	0	0	
2.673e+08	0	6	0	0	0	0	0	0	0	0	0	0	
2.674e+08	0	6	0	0	0	0	0	0	0	0	0	0	
2.675e+08	0	6	0	0	0	0	0	0	0	0	0	0	
2.676e+08	0	6	0	0	0	0	0	0	0	0	0	0	
2.677e+08	0	6	0	0	0	0	0	0	0	0	0	0	
2.678e+08	0	6	0	0	0	0	0	0	0	0	0	0	
2.679e+08	0	6	0	0	0	0	0	0	0	0	0	0	
2.68e+08	0	6	0	0	0	0	0	0	0	0	0	0	
2.681e+08	0	6	0	0	0	0	0	0	0	0	0	0	
2.682e+08	0	6	0	0	0	0	0	0	0	0	0	0	
2.683e+08	0	6	0	0	0	0	0	0	0	0	0	0	
2.684e+08	0	6	0	0	0	0	0	0	0	0	0	0	
2.685e+08	0	6	0	0	0	0	0	0	0	0	0	0	
2.686e+08	0	6	0	0	0	0	0	0	0	0	0	0	
2.687e+08	0	6	0	0	0	0	0	0	0	0	0	0	
2.688e+08	0	6	0	0	0	0	0	0	0	0	0	0	
2.689e+08	0	6	0	0	0	0	0	0	0	0	0	0	
2.69e+08	0	6	0	0	0	0	0	0	0	0	0	0	
2.691e+08	0	6	0	0	0	0	0	0	0	0	0	0	
2.692e+08	0	6	0	0	0	0	0	0	0	0	0	0	
2.693e+08	0	6	0	0	0	0	0	0	0	0	0	0	
2.694e+08	0	6	0	0	0	0	0	0	0	0	0	0	
2.695e+08	0	6	0	0	0	0	0	0	0	0	0	0	
2.696e+08	0	6	0	0	0	0	0	0	0	0	0	0	
2.697e+08	0	6	0	0	0	0	0	0	0	0	0	0	
2.698e+08	0	6	0	0	0	0	0	0	0	0	0	0	
2.699e+08	0	6	0	0	0	0	0	0	0	0	0	0	
2.7e+08	0	6	0	0	0	0	0	0	0	0	0	0	
2.701e+08	0	6	0	0	0	0	0	0	0	0	0	0	
2.702e+08	0	6	0	0	0	0	0	0	0	0	0	0	
2.703e+08	0	6	0	0	0	0	0	0	0	0	0	0	
2.704e+08	0	6	0	0	0	0	0	0	0	0	0	0	
2.705e+08	0	6	0	0	0	0	0	0	0	0	0	0	
2.706e+08	0	6	0	0	0	0	0	0	0	0	0	0	
2.707e+08	0	6	0	0	0	0	0	0	0	0	0	0	
2.708e+08	0	6	0	0	0	0	0	0	0	0	0	0	
2.709e+08	0	6	0	0	0	0	0	0	0	0	0	0	
2.71e+08	0	6	0	0	0	0	0	0	0	0	0	0	
2.711e+08	0	6	0	0	0	0	0	0	0	0	0	0	
2.712e+08	0	6	0	0	0	0	0	0	0	0	0	0	
2.713e+08	0	6	0	0	0	0	0	0	0	0	0	0	
2.714e+08	0	6	0	0	0	0	0	0	0	0	0	0	
2.715e+08	0	6	0	0	0	0	0	0	0	0	0	0	
2.716e+08	0	6	0	0	0	0	0	0	0	0	0	0	
2.717e+08	0	6	0	0	0	0	0	0	0	0	0	0	
2.718e+08	0	6	0	0	0	0	0	0	0	0	0	0	
2.719e+08	0	6	0	0	0	0	0	0	0	0	0	0	
2.72e+08	0	6	0	0	0	0	0	0	0	0	0	0	
2.721e+08	0	6	0	0	0	0	0	0	0	0	0	0	
2.722e+08	0	6	0	0	0	0	0	0	0	0	0	0	
2.723e+08	0	6	0	0	0	0	0	0	0	0	0	0	
2.724e+08	0	6	0	0	0	0	0	0	0	0	0	0	
2.725e+08	0	6	0	0	0	0	0	0	0	0	0	0	
2.726e+08	0	6	0	0	0	0	0	0	0	0	0	0	
2.727e+08	0	6	0	0	0	0	0	0	0	0	0	0	
2.728e+08	0	6	0	0	0	0	0	0	0	0	0	0	
2.729e+08	0	6	0	0	0	0	0	0	0	0	0	0	
2.73e+08	0	6	0	0	0	0	0	0	0	0	0	0	
2.731e+08	0	6	0	0	0	0	0	0	0	0	0	0	
2.732e+08	0	6	0	0	0	0	0	0	0	0	0	0	
2.733e+08	0	6	0	0	0	0	0	0	0	0	0	0	
2.734e+08	0	6	0	0	0	0	0	0	0	0	0	0	
2.735e+08	0	6	0	0	0	0	0	0	0	0	0	0	
2.736e+08	0	6	0	0	0	0	0	0	0	0	0	0	
2.737e+08	0	6	0	0	0	0	0	0	0	0	0	0	
2.738e+08	0	6	0	0	0	0	0	0	0	0	0	0	
2.739e+08	0	6	0	0	0	0	0	0	0	0	0	0	
2.74e+08	0	6	0	0	0	0	0	0	0	0	0	0	
2.741e+08	0	6	0	0	0	0	0	0	0	0	0	0	
2.742e+08	0	6	0	0	0	0	0	0	0	0	0	0	
2.743e+08	0	6	0	0	0	0	0	0	0	0	0	0	
2.744e+08	0	6	0	0	0	0	0	0	0	0	0	0	
2.745e+08	0	6	0	0	0	0	0	0	0	0	0	0	
2.746e+08	0	6	0	0	0	0	0	0	0	0	0	0	
2.747e+08	0	6	0	0	0	0	0	0	0	0	0	0	
2.748e+08	0	6	0	0	0	0	0	0	0	0	0	0	
2.749e+08	0	6	0	0	0	0	0	0	0	0	0	0	
2.75e+08	0	6	0	0	0	0	0	0	0	0	0	0	
2.751e+08	0	6	0	0	0	0	0	0	0	0	0	0	
2.752e+08	0	6	0	0	0	0	0	0	0	0	0	0	
2.753e+08	0	6	0	0	0	0	0	0	0	0	0	0	
2.754e+08	0	6	0	0	0	0	0	0	0	0	0	0	
2.755e+08	0	6	0	0	0	0	0	0	0	0	0	0	
2.756e+08	0	6	0	0	0	0	0	0	0	0	0	0	
2.757e+08	0	6	0	0	0	0	0	0	0	0	0	0	
2.758e+08	0	6	0	0	0	0	0	0	0	0	0	0	
2.759e+08	0	6	0	0	0	0	0	0	0	0	0	0	
2.76e+08	0	6	0	0	0	0	0	0	0	0	0	0	
2.761e+08	0	6	0	0	0	0	0	0	0	0	0	0	
2.762e+08	0	6	0	0	0	0	0	0	0	0	0	0	
2.763e+08	0	6	0	0	0	0	0	0	0	0	0	0	
2.764e+08	0	6	0	0	0	0	0	0	0	0	0	0	
2.765e+08	0	6	0	0	0	0	0	0	0	0	0	0	
2.766e+08	0	6	0	0	0	0	0	0	0	0	0	0	
2.767e+08	0	6	0	0	0	0	0	0	0	0	0	0	
2.768e+08	0	6	0	0	0	0	0	0	0	0	0	0	
2.769e+08	0	6	0	0	0	0	0	0	0	0	0	0	
2.77e+08	0	6	0	0	0	0	0	0	0	0	0	0	
2.771e+08	0	6	0	0	0	0	0	0	0	0	0	0	
2.772e+08	0	6	0	0	0	0	0	0	0	0	0	0	
2.773e+08	0	6	0	0	0	0	0	0	0	0	0	0	
2.774e+08	0	6	0	0	0	0	0	0	0	0	0	0	
2.775e+08	0	6	0	0	0	0	0	0	0	0	0	0	
2.776e+08	0	6	0	0	0	0	0	0	0	0	0	0	
2.777e+08	0	6	0	0	0	0	0	0	0	0	0	0	
2.778e+08	0	6	0	0	0	0	0	0	0	0	0	0	
2.779e+08	0	6	0	0	0	0	0	0	0	0	0	0	
2.78e+08	0	6	0	0	0	0	0	0	0	0	0	0	
2.781e+08	0	6	0	0	0	0	0	0	0	0	0	0	
2.782e+08	0	6	0	0	0	0	0	0	0	0	0	0	
2.783e+08	0	6	0	0	0	0	0	0	0	0	0	0	
2.784e+08	0	6	0	0	0	0	0	0	0	0	0	0	
2.785e+08	0	6	0	0	0	0	0	0	0	0	0	0	
2.786e+08	0	6	0	0	0	0	0	0	0	0	0	0	
2.787e+08	0	6	0	0	0	0	0	0	0	0	0	0	
2.788e+08	0	6	0	0	0	0	0	0	0	0	0	0	
2.789e+08	0	6	0	0	0	0	0	0	0	0	0	0	
2.79e+08	0	6	0	0	0	0	0	0	0	0	0	0	
2.791e+08	0	6	0	0	0	0	0	0	0	0	0	0	
2.792e+08	0	6	0	0	0	0	0	0	0	0	0	0	
2.793e+08	0	6	0	0	0	0	0	0	0	0	0	0	
2.794e+08	0	6	0	0	0	0	0	0	0	0	0	0	
2.795e+08	0	6	0	0	0	0	0	0	0	0	0	0	
2.796e+08	0	6	0	0	0	0	0	0	0	0	0	0	
2.797e+08	0	6	0	0	0	0	0	0	0	0	0	0	
2.798e+08	0	6	0	0	0	0	0	0	0	0	0	0	
2.799e+08	0	6	0	0	0	0	0	0	0	0	0	0	
2.8e+08	0	6	0	0	0	0	0	0	0	0	0	0	
2.801e+08	0	6	0	0	0	0	0	0	0	0	0	0	
2.802e+08	0	6	0	0	0	0	0	0	0	0	0	0	
2.803e+08	0	6	0	0	0	0	0	0	0	0	0	0	
2.804e+08	0	6	0	0	0	0	0	0	0	0	0	0	
2.805e+08	0	6	0	0	0	0	0	0	0	0	0	0	
2.806e+08	0	6	0	0	0	0	0	0	0	0	0	0	
2.807e+08	0	6	0	0	0	0	0	0	0	0	0	0	
2.808e+08	0	6	0	0	0	0	0	0	0	0	0	0	
2.809e+08	0	6	0	0	0	0	0	0	0	0	0	0	
2.81e+08	0	6	0	0	0	0	0	0	0	0	0	0	
2.811e+08	0	6	0	0	0	0	0	0	0	0	0	0	
2.812e+08	0	6	0	0	0	0	0	0	0	0	0	0	
2.813e+08	0	6	0	0	0	0	0	0	0	0	0	0	
2.814e+08	0	6	0	0	0	0	0	0	0	0	0	0	
2.815e+08	0	6	0	0	0	0	0	0	0	0	0	0	
2.816e+08	0	6	0	0	0	0	0	0	0	0	0	0	
2.817e+08	0	6	0	0	0	0	0	0	0	0	0	0	
2.818e+08	0	6	0	0	0	0	0	0	0	0	0	0	
2.819e+08	0	6	0	0	0	0	0	0	0	0	0	0	
2.82e+08	0	6	0	0	0	0	0	0	0	0	0	0	
2.821e+08	0	6	0	0	0	0	0	0	0	0	0	0	
2.822e+08	0	6	0	0	0	0	0	0	0	0	0	0	
2.823e+08	0	6	0	0	0	0	0	0	0	0	0	0	
2.824e+08	0	6	0	0	0	0	0	0	0	0	0	0	
2.825e+08	0	6	0	0	0	0	0	0	0	0	0	0	
2.826e+08	0	6	0	0	0	0	0	0	0	0	0	0	
2.827e+08	0	6	0	0	0	0	0	0	0	0	0	0	
2.828e+08	0	6	0	0	0	0	0	0	0	0	0	0	
2.829e+08	0	6	0	0	0	0	0	0	0	0	0	0	
2.83e+08	0	6	0	0	0	0	0	0	0	0	0	0	
2.831e+08	0	6	0	0	0	0	0	0	0	0	0	0	
2.832e+08	0	6	0	0	0	0	0	0	0	0	0	0	
2.833e+08	0	6	0	0	0	0	0	0	0	0	0	0	
2.834e+08	0	6	0	0	0	0	0	0	0	0	0	0	
2.835e+08	0	6	0	0	0	0	0	0	0	0	0	0	
2.836e+08	0	6	0	0	0	0	0	0	0	0	0	0	
2.837e+08	0	6	0	0	0	0	0	0	0	0	0	0	
2.838e+08	0	6	0	0	0	0	0	0	0	0	0	0	
2.839e+08	0	6	0	0	0	0	0	0	0	0	0	0	
2.84e+08	0	6	0	0	0	0	0	0	0	0	0	0	
2.841e+08	0	6	0	0	0	0	0	0	0	0	0	0	
2.842e+08	0	6	0	0	0	0	0	0	0	0	0	0	
2.843e+08	0	6	0	0	0	0	0	0	0	0	0	0	
2.844e+08	0	6	0	0	0	0	0	0	0	0	0	0	
2.845e+08	0	6	0	0	0	0	0	0	0	0	0	0	
2.846e+08	0	6	0	0	0	0	0	0	0	0	0	0	
2.847e+08	0	6	0	0	0	0	0	0	0	0	0	0	
2.848e+08	0	6	0	0	0	0	0	0	0	0	0	0	
2.849e+08	0	6	0	0	0	0	0	0	0	0	0	0	
2.85e+08	0	6	0	0	0	0	0	0	0	0	0	0	
2.851e+08	0	6	0	0	0	0	0	0	0	0	0	0	
2.852e+08	0	6	0	0	0	0	0	0	0	0	0	0	
2.853e+08	0	6	0	0	0	0	0	0	0	0	0	0	
2.854e+08	0	6	0	0	0	0	0	0	0	0	0	0	
2.855e+08	0	6	0	0	0	0	0	0	0	0	0	0	
2.856e+08	0	6	0	0	0	0	0	0	0	0	0	0	
2.857e+08	0	6	0	0	0	0	0	0	0	0	0	0	
2.858e+08	0	6	0	0	0	0	0	0	0	0	0	0	
2.859e+08	0	6	0	0	0	0	0	0	0	0	0	0	
2.86e+08	0	6	0	0	0	0	0	0	0	0	0	0	
2.861e+08	0	6	0	0	0	0	0	0	0	0	0	0	
2.862e+08	0	6	0	0	0	0	0	0	0	0	0	0	
2.863e+08	0	6	0	0	0	0	0	0	0	0	0	0	
2.864e+08	0	6	0	0	0	0	0	0	0	0	0	0	
2.865e+08	0	6	0	0	0	0	0	0	0	0	0	0	
2.866e+08	0	6	0	0	0	0	0	0	0	0	0	0	
2.867e+08	0	6	0	0	0	0	0	0	0	0	0	0	
2.868e+08	0	6	0	0	0	0	0	0	0	0	0	0	
2.869e+08	0	6	0	0	0	0	0	0	0	0	0	0	
2.87e+08	0	6	0	0	0	0	0	0	0	0	0	0	
2.871e+08	0	6	0	0	0	0	0	0	0	0	0	0	
2.872e+08	0	6	0	0	0	0	0	0	0	0	0	0	
2.873e+08	0	6	0	0	0	0	0	0	0	0	0	0	
2.874e+08	0	6	0	0	0	0	0	0	0	0	0	0	
2.875e+08	0	6	0	0	0	0	0	0	0	0	0	0	
2.876e+08	0	6	0	0	0	0	0	0	0	0	0	0	
2.877e+08	0	6	0	0	0	0	0	0	0	0	0	0	
2.878e+08	0	6	0	0	0	0	0	0	0	0	0	0	
2.879e+08	0	6	0	0	0	0	0	0	0	0	0	0	
2.88e+08	0	6	0	0	0	0	0	0	0	0	0	0	
2.881e+08	0	6	0	0	0	0	0	0	0	0	0	0	
2.882e+08	0	6	0	0	0	0	0	0	0	0	0	0	
2.883e+08	0	6	0	0	0	0	0	0	0	0	0	0	
2.884e+08	0	6	0	0	0	0	0	0	0	0	0	0	
2.885e+08	0	6	0	0	0	0	0	0	0	0	0	0	
2.886e+08	0	6	0	0	0	0	0	0	0	0	0	0	
2.887e+08	0	6	0	0	0	0	0	0	0	0	0	0	
2.888e+08	0	6	0	0	0	0	0	0	0	0	0	0	
2.889e+08	0	6	0	0	0	0	0	0	0	0	0	0	
2.89e+08	0	6	0	0	0	0	0	0	0	0	0	0	
2.891e+08	0	6	0	0	0	0	0	0	0	0	0	0	
2.892e+08	0	6	0	0	0	0	0	0	0	0	0	0	
2.893e+08	0	6	0	0	0	0	0	0	0	0	0	0	
2.894e+08	0	6	0	0	0	0	0	0	0	0	0	0	
2.895e+08	0	6	0	0	0	0	0	0	0	0	0	0	
2.896e+08	0	6	0	0	0	0	0	0	0	0	0	0	
2.897e+08	0	6	0	0	0	0	0	0	0	0	0	0	
2.898e+08	0	6	0	0	0	0	0	0	0	0	0	0	
2.899e+08	0	6	0	0	0	0	0	0	0	0	0	0	
2.9e+08	0	6	0	0	0	0	0	0	0	0	0	0	
2.901e+08	0	6	0	0	0	0	0	0	0	0	0	0	
2.902e+08	0	6	0	0	0	0	0	0	0	0	0	0	
2.903e+08	0	6	0	0	0	0	0	0	0	0	0	0	
2.904e+08	0	6	0	0	0	0	0	0	0	0	0	0	
2.905e+08	0	6	0	0	0	0	0	0	0	0	0	0	
2.906e+08	0	6	0	0	0	0	0	0	0	0	0	0	
2.907e+08	0	6	0	0	0	0	0	0	0	0	0	0	
2.908e+08	0	6	0	0	0	0	0	0	0	0	0	0	
2.909e+08	0	6	0	0	0	0	0	0	0	0	0	0	
2.91e+08	0	6	0	0	0	0	0	0	0	0	0	0	
2.911e+08	0	6	0	0	0	0	0	0	0	0	0	0	
2.912e+08	0	6	0	0	0	0	0	0	0	0	0	0	
2.913e+08	0	6	0	0	0	0	0	0	0	0	0	0	
2.914e+08	0	6	0	0	0	0	0	0	0	0	0	0	
2.915e+08	0	6	0	0	0	0	0	0	0	0	0	0	
2.916e+08	0	6	0	0	0	0	0	0	0	0	0	0	
2.917e+08	0	6	0	0	0	0	0	0	0	0	0	0	
2.918e+08	0	6	0	0	0	0	0	0	0	0	0	0	
2.919e+08	0	6	0	0	0	0	0	0	0	0	0	0	
2.92e+08	0	6	0	0	0	0	0	0	0	0	0	0	
2.921e+08	0	6	0	0	0	0	0	0	0	0	0	0	
2.922e+08	0	6	0	0	0	0	0	0	0	0	0	0	
2.923e+08	0	6	0	0	0	0	0	0	0	0	0	0	
2.924e+08	0	6	0	0	0	0	0	0	0	0	0	0	
2.925e+08	0	6	0	0	0	0	0	0	0	0	0	0	
2.926e+08	0	6	0	0	0	0	0	0	0	0	0	0	
2.927e+08	0	6	0	0	0	0	0	0	0	0	0	0	
2.928e+08	0	6	0	0	0	0	0	0	0	0	0	0	
2.929e+08	0	6	0	0	0	0	0	0	0	0	0	0	
2.93e+08	0	6	0	0	0	0	0	0	0	0	0	0	
2.931e+08	0	6	0	0	0	0	0	0	0	0	0	0	
2.932e+08	0	6	0	0	0	0	0	0	0	0	0	0	
2.933e+08	0	6	0	0	0	0	0	0	0	0	0	0	
2.934e+08	0	6	0	0	0	0	0	0	0	0	0	0	
2.935e+08	0	6	0	0	0	0	0	0	0	0	0	0	
2.936e+08	0	6	0	0	0	0	0	0	0	0	0	0	
2.937e+08	0	6	0	0	0	0	0	0	0	0	0	0	
2.938e+08	0	6	0	0	0	0	0	0	0	0	0	0	
2.939e+08	0	6	0	0	0	0	0	0	0	0	0	0	
2.94e+08	0	6	0	0	0	0	0	0	0	0	0	0	
2.941e+08	0	6	0	0	0	0	0	0	0	0	0	0	
2.942e+08	0	6	0	0	0	0	0	0	0	0	0	0	
2.943e+08	0	6	0	0	0	0	0	0	0	0	0	0	
2.944e+08	0	6	0	0	0	0	0	0	0	0	0	0	
2.945e+08	0	6	0	0	0	0	0	0	0	0	0	0	
2.946e+08	0	6	0	0	0	0	0	0	0	0	0	0	
2.947e+08	0	6	0	0	0	0	0	0	0	0	0	0	
2.948e+08	0	6	0	0	0	0	0	0	0	0	0	0	
2.949e+08	0	6	0	0	0	0	0	0	0	0	0	0	
2.95e+08	0	6	0	0	0	0	0	0	0	0	0	0	
2.951e+08	0	6	0	0	0	0	0	0	0	0	0	0	
2.952e+08	0	6	0	0	0	0	0	0	0	0	0	0	
2.953e+08	0	6	0	0	0	0	0	0	0	0	0	0	
2.954e+08	0	6	0	0	0	0	0	0	0	0	0	0	
2.955e+08	0	6	0	0	0	0	0	0	0	0	0	0	
2.956e+08	0	6	0	0	0	0	0	0	0	0	0	0	
2.957e+08	0	6	0	0	0	0	0	0	0	0	0	0	
2.958e+08	0	6	0	0	0	0	0	0	0	0	0	0	
2.959e+08	0	6	0	0	0	0	0	0	0	0	0	0	
2.96e+08	0	6	0	0	0	0	0	0	0	0	0	0	
2.961e+08	0	6	0	0	0	0	0	0	0	0	0	0	
2.962e+08	0	6	0	0	0	0	0	0	0	0	0	0	
2.963e+08	0	6	0	0	0	0	0	0	0	0	0	0	
2.964e+08	0	6	0	0	0	0	0	0	0	0	0	0	
2.965e+08	0	6	0	0	0	0	0	0	0	0	0	0	
2.966e+08	0	6	0	0	0	0	0	0	0	0	0	0	
2.967e+08	0	6	0	0	0	0	0	0	0	0	0	0	
2.968e+08	0	6	0	0	0	0	0	0	0	0	0	0	
2.969e+08	0	6	0	0	0	0	0	0	0	0	0	0	
2.97e+08	0	6	0	0	0	0	0	0	0	0	0	0	
2.971e+08	0	6	0	0	0	0	0	0	0	0	0	0	
2.972e+08	0	6	0	0	0	0	0	0	0	0	0	0	
2.973e+08	0	6	0	0	0	0	0	0	0	0	0	0	
2.974e+08	0	6	0	0	0	0	0	0	0	0	0	0	
2.975e+08	0	6	0	0	0	0	0	0	0	0	0	0	
2.976e+08	0	6	0	0	0	0	0	0	0	0	0	0	
2.977e+08	0	6	0	0	0	0	0	0	0	0	0	0	
2.978e+08	0	6	0	0	0	0	0	0	0	0	0	0	
2.979e+08	0	6	0	0	0	0	0	0	0	0	0	0	
2.98e+08	0	6	0	0	0	0	0	0	0	0	0	0	
2.981e+08	0	6	0	0	0	0	0	0	0	0	0	0	
2.982e+08	0	6	0	0	0	0	0	0	0	0	0	0	
2.983e+08	0	6	0	0	0	0	0	0	0	0	0	0	
2.984e+08	0	6	0	0	0	0	0	0	0	0	0	0	
2.985e+08	0	6	0	0	0	0	0	0	0	0	0	0	
2.986e+08	0	6	0	0	0	0	0	0	0	0	0	0	
2.987e+08	0	6	0	0	0	0	0	0	0	0	0	0	
2.988e+08	0	6	0	0	0	0	0	0	0	0	0	0	
2.989e+08	0	6	0	0	0	0	0	0	0	0	0	0	
2.99e+08	0	6	0	0	0	0	0	0	0	0	0	0	
2.991e+08	0	6	0	0	0	0	0	0	0	0	0	0	
2.992e+08	0	6	0	0	0	0	0	0	0	0	0	0	
2.993e+08	0	6	0	0	0	0	0	0	0	0	0	0	
2.994e+08	0	6	0	0	0	0	0	0	0	0	0	0	
2.995e+08	0	6	0	0	0	0	0	0	0	0	0	0	
2.996e+08	0	6	0	0	0	0	0	0	0	0	0	0	
2.997e+08	0	6	0	0	0	0	0	0	0	0	0	0	
2.998e+08	0	6	0	0	0	0	0	0	0	0	0	0	
2.999e+08	0	6	0	0	0	0	0	0	0	0	0	0	
3e+08	0	6	0	0	0	0	0	0	0	0	0	0	
3.001e+08	0	6	0	0	0	0	0	0	0	0	0	0	
3.002e+08	0	6	0	0	0	0	0	0	0	0	0	0	
3.003e+08	0	6	0	0	0	0	0	0	0	0	0	0	
3.004e+08	0	6	0	0	0	0	0	0	0	0	0	0	
3.005e+08	0	6	0	0	0	0	0	0	0	0	0	0	
3.006e+08	0	6	0	0	0	0	0	0	0	0	0	0	
3.007e+08	0	6	0	0	0	0	0	0	0	0	0	0	
3.008e+08	0	6	0	0	0	0	0	0	0	0	0	0	
3.009e+08	0	6	0	0	0	0	0	0	0	0	0	0	
3.01e+08	0	6	0	0	0	0	0	0	0	0	0	0	
3.011e+08	0	6	0	0	0	0	0	0	0	0	0	0	
3.012e+08	0	6	0	0	0	0	0	0	0	0	0	0	
3.013e+08	0	6	0	0	0	0	0	0	0	0	0	0	
3.014e+08	0	6	0	0	0	0	0	0	0	0	0	0	
3.015e+08	0	6	0	0	0	0	0	0	0	0	0	0	
3.016e+08	0	6	0	0	0	0	0	0	0	0	0	0	
3.017e+08	0	6	0	0	0	0	0	0	0	0	0	0	
3.018e+08	0	6	0	0	0	0	0	0	0	0	0	0	
3.019e+08	0	6	0	0	0	0	0	0	0	0	0	0	
3.02e+08	0	6	0	0	0	0	0	0	0	0	0	0	
3.021e+08	0	6	0	0	0	0	0	0	0	0	0	0	
3.022e+08	0	6	0	0	0	0	0	0	0	0	0	0	
3.023e+08	0	6	0	0	0	0	0	0	0	0	0	0	
3.024e+08	0	6	0	0	0	0	0	0	0	0	0	0	
3.025e+08	0	6	0	0	0	0	0	0	0	0	0	0	
3.026e+08	0	6	0	0	0	0	0	0	0	0	0	0	
3.027e+08	0	6	0	0	0	0	0	0	0	0	0	0	
3.028e+08	0	6	0	0	0	0	0	0	0	0	0	0	
3.029e+08	0	6	0	0	0	0	0	0	0	0	0	0	
3.03e+08	0	6	0	0	0	0	0	0	0	0	0	0	
3.031e+08	0	6	0	0	0	0	0	0	0	0	0	0	
3.032e+08	0	6	0	0	0	0	0	0	0	0	0	0	
3.033e+08	0	6	0	0	0	0	0	0	0	0	0	0	
3.034e+08	0	6	0	0	0	0	0	0	0	0	0	0	
3.035e+08	0	6	0	0	0	0	0	0	0	0	0	0	
3.036e+08	0	6	0	0	0	0	0	0	0	0	0	0	
3.037e+08	0	6	0	0	0	0	0	0	0	0	0	0	
3.038e+08	0	6	0	0	0	0	0	0	0	0	0	0	
3.039e+08	0	6	0	0	0	0	0	0	0	0	0	0	
3.04e+08	0	6	0	0	0	0	0	0	0	0	0	0	
3.041e+08	0	6	0	0	0	0	0	0	0	0	0	0	
3.042e+08	0	6	0	0	0	0	0	0	0	0	0	0	
3.043e+08	0	6	0	0	0	0	0	0	0	0	0	0	
3.044e+08	0	6	0	0	0	0	0	0	0	0	0	0	
3.045e+08	0	6	0	0	0	0	0	0	0	0	0	0	
3.046e+08	0	6	0	0	0	0	0	0	0	0	0	0	
3.047e+08	0	6	0	0	0	0	0	0	0	0	0	0	
3.048e+08	0	6	0	0	0	0	0	0	0	0	0	0	
3.049e+08	0	6	0	0	0	0	0	0	0	0	0	0	
3.05e+08	0	6	0	0	0	0	0	0	0	0	0	0	
3.051e+08	0	6	0	0	0	0	0	0	0	0	0	0	
3.052e+08	0	6	0	0	0	0	0	0	0	0	0	0	
3.053e+08	0	6	0	0	0	0	0	0	0	0	0	0	
3.054e+08	0	6	0	0	0	0	0	0	0	0	0	0	
3.055e+08	0	6	0	0	0	0	0	0	0	0	0	0	
3.056e+08	0	6	0	0	0	0	0	0	0	0	0	0	
3.057e+08	0	6	0	0	0	0	0	0	0	0	0	0	
3.058e+08	0	6	0	0	0	0	0	0	0	0	0	0	
3.059e+08	0	6	0	0	0	0	0	0	0	0	0	0	
3.06e+08	0	6	0	0	0	0	0	0	0	0	0	0	
3.061e+08	0	6	0	0	0	0	0	0	0	0	0	0	
3.062e+08	0	6	0	0	0	0	0	0	0	0	0	0	
3.063e+08	0	6	0	0	0	0	0	0	0	0	0	0	
3.064e+08	0	6	0	0	0	0	0	0	0	0	0	0	
3.065e+08	0	6	0	0	0	0	0	0	0	0	0	0	
3.066e+08	0	6	0	0	0	0	0	0	0	0	0	0	
3.067e+08	0	6	0	0	0	0	0	0	0	0	0	0	
3.068e+08	0	6	0	0	0	0	0	0	0	0	0	0	
3.069e+08	0	6	0	0	0	0	0	0	0	0	0	0	
3.07e+08	0	6	0	0	0	0	0	0	0	0	0	0	
3.071e+08	0	6	0	0	0	0	0	0	0	0	0	0	
3.072e+08	0	6	0	0	0	0	0	0	0	0	0	0	
3.073e+08	0	6	0	0	0	0	0	0	0	0	0	0	
3.074e+08	0	6	0	0	0	0	0	0	0	0	0	0	
3.075e+08	0	6	0	0	0	0	0	0	0	0	0	0	
3.076e+08	0	6	0	0	0	0	0	0	0	0	0	0	
3.077e+08	0	6	0	0	0	0	0	0	0	0	0	0	
3.078e+08	0	6	0	0	0	0	0	0	0	0	0	0	
3.079e+08	0	6	0	0	0	0	0	0	0	0	0	0	
3.08e+08	0	6	0	0	0	0	0	0	0	0	0	0	
3.081e+08	0	6	0	0	0	0	0	0	0	0	0	0	
3.082e+08	0	6	0	0	0	0	0	0	0	0	0	0	
3.083e+08	0	6	0	0	0	0	0	0	0	0	0	0	
3.084e+08	0	6	0	0	0	0	0	0	0	0	0	0	
3.085e+08	0	6	0	0	0	0	0	0	0	0	0	0	
3.086e+08	0	6	0	0	0	0	0	0	0	0	0	0	
3.087e+08	0	6	0	0	0	0	0	0	0	0	0	0	
3.088e+08	0	6	0	0	0	0	0	0	0	0	0	0	
3.089e+08	0	6	0	0	0	0	0	0	0	0	0	0	
3.09e+08	0	6	0	0	0	0	0	0	0	0	0	0	
3.091e+08	0	6	0	0	0	0	0	0	0	0	0	0	
3.092e+08	0	6	0	0	0	0	0	0	0	0	0	0	
3.093e+08	0	6	0	0	0	0	0	0	0	0	0	0	
3.094e+08	0	6	0	0	0	0	0	0	0	0	0	0	
3.095e+08	0	6	0	0	0	0	0	0	0	0	0	0	
3.096e+08	0	6	0	0	0	0	0	0	0	0	0	0	
3.097e+08	0	6	0	0	0	0	0	0	0	0	0	0	
3.098e+08	0	6	0	0	0	0	0	0	0	0	0	0	
3.099e+08	0	6	0	0	0	0	0	0	0	0	0	0	
3.1e+08	0	6	0	0	0	0	0	0	0	0	0	0	
3.101e+08	0	6	0	0	0	0	0	0	0	0	0	0	
3.102e+08	0	6	0	0	0	0	0	0	0	0	0	0	
3.103e+08	0	6	0	0	0	0	0	0	0	0	0	0	
3.104e+08	0	6	0	0	0	0	0	0	0	0	0	0	
3.105e+08	0	6	0	0	0	0	0	0	0	0	0	0	
3.106e+08	0	6	0	0	0	0	0	0	0	0	0	0	
3.107e+08	0	6	0	0	0	0	0	0	0	0	0	0	
3.108e+08	0	6	0	0	0	0	0	0	0	0	0	0	
3.109e+08	0	6	0	0	0	0	0	0	0	0	0	0	
3.11e+08	0	6	0	0	0	0	0	0	0	0	0	0	
3.111e+08	0	6	0	0	0	0	0	0	0	0	0	0	
3.112e+08	0	6	0	0	0	0	0	0	0	0	0	0	
3.113e+08	0	6	0	0	0	0	0	0	0	0	0	0	
3.114e+08	0	6	0	0	0	0	0	0	0	0	0	0	
3.115e+08	0	6	0	0	0	0	0	0	0	0	0	0	
3.116e+08	0	6	0	0	0	0	0	0	0	0	0	0	
3.117e+08	0	6	0	0	0	0	0	0	0	0	0	0	
3.118e+08	0	6	0	0	0	0	0	0	0	0	0	0	
3.119e+08	0	6	0	0	0	0	0	0	0	0	0	0	
3.12e+08	0	6	0	0	0	0	0	0	0	0	0	0	
3.121e+08	0	6	0	0	0	0	0	0	0	0	0	0	
3.122e+08	0	6	0	0	0	0	0	0	0	0	0	0	
3.123e+08	0	6	0	0	0	0	0	0	0	0	0	0	
3.124e+08	0	6	0	0	0	0	0	0	0	0	0	0	
3.125e+08	0	6	0	0	0	0	0	0	0	0	0	0	
3.126e+08	0	6	0	0	0	0	0	0	0	0	0	0	
3.127e+08	0	6	0	0	0	0	0	0	0	0	0	0	
3.128e+08	0	6	0	0	0	0	0	0	0	0	0	0	
3.129e+08	0	6	0	0	0	0	0	0	0	0	0	0	
3.13e+08	0	6	0	0	0	0	0	0	0	0	0	0	
3.131e+08	0	6	0	0	0	0	0	0	0	0	0	0	
3.132e+08	0	6	0	0	0	0	0	0	0	0	0	0	
3.133e+08	0	6	0	0	0	0	0	0	0	0	0	0	
3.134e+08	0	6	0	0	0	0	0	0	0	0	0	0	
3.135e+08	0	6	0	0	0	0	0	0	0	0	0	0	
3.136e+08	0	6	0	0	0	0	0	0	0	0	0	0	
3.137e+08	0	6	0	0	0	0	0	0	0	0	0	0	
3.138e+08	0	6	0	0	0	0	0	0	0	0	0	0	
3.139e+08	0	6	0	0	0	0	0	0	0	0	0	0	
3.14e+08	0	6	0	0	0	0	0	0	0	0	0	0	
3.141e+08	0	6	0	0	0	0	0	0	0	0	0	0	
3.142e+08	0	6	0	0	0	0	0	0	0	0	0	0	
3.143e+08	0	6	0	0	0	0	0	0	0	0	0	0	
3.144e+08	0	6	0	0	0	0	0	0	0	0	0	0	
3.145e+08	0	6	0	0	0	0	0	0	0	0	0	0	
3.146e+08	0	6	0	0	0	0	0	0	0	0	0	0	
3.147e+08	0	6	0	0	0	0	0	0	0	0	0	0	
3.148e+08	0	6	0	0	0	0	0	0	0	0	0	0	
3.149e+08	0	6	0	0	0	0	0	0	0	0	0	0	
3.15e+08	0	6	0	0	0	0	0	0	0	0	0	0	
3.151e+08	0	6	0	0	0	0	0	0	0	0	0	0	
3.152e+08	0	6	0	0	0	0	0	0	0	0	0	0	
3.153e+08	0	6	0	0	0	0	0	0	0	0	0	0	
3.154e+08	0	6	0	0	0	0	0	0	0	0	0	0	
3.155e+08	0	6	0	0	0	0	0	0	0	0	0	0	
3.156e+08	0	6	0	0	0	0	0	0	0	0	0	0	
3.157e+08	0	6	0	0	0	0	0	0	0	0	0	0	
3.158e+08	0	6	0	0	0	0	0	0	0	0	0	0	
3.159e+08	0	6	0	0	0	0	0	0	0	0	0	0	
3.16e+08	0	6	0	0	0	0	0	0	0	0	0	0	
3.161e+08	0	6	0	0	0	0	0	0	0	0	0	0	
3.162e+08	0	6	0	0	0	0	0	0	0	0	0	0	
3.163e+08	0	6	0	0	0	0	0	0	0	0	0	0	
3.164e+08	0	6	0	0	0	0	0	0	0	0	0	0	
3.165e+08	0	6	0	0	0	0	0	0	0	0	0	0	
3.166e+08	0	6	0	0	0	0	0	0	0	0	0	0	
3.167e+08	0	6	0	0	0	0	0	0	0	0	0	0	
3.168e+08	0	6	0	0	0	0	0	0	0	0	0	0	
3.169e+08	0	6	0	0	0	0	0	0	0	0	0	0	
3.17e+08	0	6	0	0	0	0	0	0	0	0	0	0	
3.171e+08	0	6	0	0	0	0	0	0	0	0	0	0	
3.172e+08	0	6	0	0	0	0	0	0	0	0	0	0	
3.173e+08	0	6	0	0	0	0	0	0	0	0	0	0	
3.174e+08	0	6	0	0	0	0	0	0	0	0	0	0	
3.175e+08	0	6	0	0	0	0	0	0	0	0	0	0	
3.176e+08	0	6	0	0	0	0	0	0	0	0	0	0	
3.177e+08	0	6	0	0	0	0	0	0	0	0	0	0	
3.178e+08	0	6	0	0	0	0	0	0	0	0	0	0	
3.179e+08	0	6	0	0	0	0	0	0	0	0	0	0	
3.18e+08	0	6	0	0	0	0	0	0	0	0	0	0	
3.181e+08	0	6	0	0	0	0	0	0	0	0	0	0	
3.182e+08	0	6	0	0	0	0	0	0	0	0	0	0	
3.183e+08	0	6	0	0	0	0	0	0	0	0	0	0	
3.184e+08	0	6	0	0	0	0	0	0	0	0	0	0	
3.185e+08	0	6	0	0	0	0	0	0	0	0	0	0	
3.186e+08	0	6	0	0	0	0	0	0	0	0	0	0	
3.187e+08	0	6	0	0	0	0	0	0	0	0	0	0	
3.188e+08	0	6	0	0	0	0	0	0	0	0	0	0	
3.189e+08	0	6	0	0	0	0	0	0	0	0	0	0	
3.19e+08	0	6	0	0	0	0	0	0	0	0	0	0	
3.191e+08	0	6	0	0	0	0	0	0	0	0	0	0	
3.192e+08	0	6	0	0	0	0	0	0	0	0	0	0	
3.193e+08	0	6	0	0	0	0	0	0	0	0	0	0	
3.194e+08	0	6	0	0	0	0	0	0	0	0	0	0	
3.195e+08	0	6	0	0	0	0	0	0	0	0	0	0	
3.196e+08	0	6	0	0	0	0	0	0	0	0	0	0	
3.197e+08	0	6	0	0	0	0	0	0	0	0	0	0	
3.198e+08	0	6	0	0	0	0	0	0	0	0	0	0	
3.199e+08	0	6	0	0	0	0	0	0	0	0	0	0	
3.2e+08	0	6	0	0	0	0	0	0	0	0	0	0	
3.201e+08	0	6	0	0	0	0	0	0	0	0	0	0	
3.202e+08	0	6	0	0	0	0	0	0	0	0	0	0	
3.203e+08	0	6	0	0	0	0	0	0	0	0	0	0	
3.204e+08	0	6	0	0	0	0	0	0	0	0	0	0	
3.205e+08	0	6	0	0	0	0	0	0	0	0	0	0	
3.206e+08	0	6	0	0	0	0	0	0	0	0	0	0	
3.207e+08	0	6	0	0	0	0	0	0	0	0	0	0	
3.208e+08	0	6	0	0	0	0	0	0	0	0	0	0	
3.209e+08	0	6	0	0	0	0	0	0	0	0	0	0	
3.21e+08	0	6	0	0	0	0	0	0	0	0	0	0	
3.211e+08	0	6	0	0	0	0	0	0	0	0	0	0	
3.212e+08	0	6	0	0	0	0	0	0	0	0	0	0	
3.213e+08	0	6	0	0	0	0	0	0	0	0	0	0	
3.214e+08	0	6	0	0	0	0	0	0	0	0	0	0	
3.215e+08	0	6	0	0	0	0	0	0	0	0	0	0	
3.216e+08	0	6	0	0	0	0	0	0	0	0	0	0	
3.217e+08	0	6	0	0	0	0	0	0	0	0	0	0	
3.218e+08	0	6	0	0	0	0	0	0	0	0	0	0	
3.219e+08	0	6	0	0	0	0	0	0	0	0	0	0	
3.22e+08	0	6	0	0	0	0	0	0	0	0	0	0	
3.221e+08	0	6	0	0	0	0	0	0	0	0	0	0	
3.222e+08	0	6	0	0	0	0	0	0	0	0	0	0	
3.223e+08	0	6	0	0	0	0	0	0	0	0	0	0	
3.224e+08	0	6	0	0	0	0	0	0	0	0	0	0	
3.225e+08	0	6	0	0	0	0	0	0	0	0	0	0	
3.226e+08	0	6	0	0	0	0	0	0	0	0	0	0	
3.227e+08	0	6	0	0	0	0	0	0	0	0	0	0	
3.228e+08	0	6	0	0	0	0	0	0	0	0	0	0	
3.229e+08	0	6	0	0	0	0	0	0	0	0	0	0	
3.23e+08	0	6	0	0	0	0	0	0	0	0	0	0	
3.231e+08	0	6	0	0	0	0	0	0	0	0	0	0	
3.232e+08	0	6	0	0	0	0	0	0	0	0	0	0	
3.233e+08	0	6	0	0	0	0	0	0	0	0	0	0	
3.234e+08	0	6	0	0	0	0	0	0	0	0	0	0	
3.235e+08	0	6	0	0	0	0	0	0	0	0	0	0	
3.236e+08	0	6	0	0	0	0	0	0	0	0	0	0	
3.237e+08	0	6	0	0	0	0	0	0	0	0	0	0	
3.238e+08	0	6	0	0	0	0	0	0	0	0	0	0	
3.239e+08	0	6	0	0	0	0	0	0	0	0	0	0	
3.24e+08	0	6	0	0	0	0	0	0	0	0	0	0	
3.241e+08	0	6	0	0	0	0	0	0	0	0	0	0	
3.242e+08	0	6	0	0	0	0	0	0	0	0	0	0	
3.243e+08	0	6	0	0	0	0	0	0	0	0	0	0	
3.244e+08	0	6	0	0	0	0	0	0	0	0	0	0	
3.245e+08	0	6	0	0	0	0	0	0	0	0	0	0	
3.246e+08	0	6	0	0	0	0	0	0	0	0	0	0	
3.247e+08	0	6	0	0	0	0	0	0	0	0	0	0	
3.248e+08	0	6	0	0	0	0	0	0	0	0	0	0	
3.249e+08	0	6	0	0	0	0	0	0	0	0	0	0	
3.25e+08	0	6	0	0	0	0	0	0	0	0	0	0	
3.251e+08	0	6	0	0	0	0	0	0	0	0	0	0	
3.252e+08	0	6	0	0	0	0	0	0	0	0	0	0	
3.253e+08	0	6	0	0	0	0	0	0	0	0	0	0	
3.254e+08	0	6	0	0	0	0	0	0	0	0	0	0	
3.255e+08	0	6	0	0	0	0	0	0	0	0	0	0	
3.256e+08	0	6	0	0	0	0	0	0	0	0	0	0	
3.257e+08	0	6	0	0	0	0	0	0	0	0	0	0	
3.258e+08	0	6	0	0	0	0	0	0	0	0	0	0	
3.259e+08	0	6	0	0	0	0	0	0	0	0	0	0	
3.26e+08	0	6	0	0	0	0	0	0	0	0	0	0	
3.261e+08	0	6	0	0	0	0	0	0	0	0	0	0	
3.262e+08	0	6	0	0	0	0	0	0	0	0	0	0	
3.263e+08	0	6	0	0	0	0	0	0	0	0	0	0	
3.264e+08	0	6	0	0	0	0	0	0	0	0	0	0	
3.265e+08	0	6	0	0	0	0	0	0	0	0	0	0	
3.266e+08	0	6	0	0	0	0	0	0	0	0	0	0	
3.267e+08	0	6	0	0	0	0	0	0	0	0	0	0	
3.268e+08	0	6	0	0	0	0	0	0	0	0	0	0	
3.269e+08	0	6	0	0	0	0	0	0	0	0	0	0	
3.27e+08	0	6	0	0	0	0	0	0	0	0	0	0	
3.271e+08	0	6	0	0	0	0	0	0	0	0	0	0	
3.272e+08	0	6	0	0	0	0	0	0	0	0	0	0	
3.273e+08	0	6	0	0	0	0	0	0	0	0	0	0	
3.274e+08	0	6	0	0	0	0	0	0	0	0	0	0	
3.275e+08	0	6	0	0	0	0	0	0	0	0	0	0	
3.276e+08	0	6	0	0	0	0	0	0	0	0	0	0	
3.277e+08	0	6	0	0	0	0	0	0	0	0	0	0	
3.278e+08	0	6	0	0	0	0	0	0	0	0	0	0	
3.279e+08	0	6	0	0	0	0	0	0	0	0	0	0	
3.28e+08	0	6	0	0	0	0	0	0	0	0	0	0	
3.281e+08	0	6	0	0	0	0	0	0	0	0	0	0	
3.282e+08	0	6	0	0	0	0	0	0	0	0	0	0	
3.283e+08	0	6	0	0	0	0	0	0	0	0	0	0	
3.284e+08	0	6	0	0	0	0	0	0	0	0	0	0	
3.285e+08	0	6	0	0	0	0	0	0	0	0	0	0	
3.286e+08	0	6	0	0	0	0	0	0	0	0	0	0	
3.287e+08	0	6	0	0	0	0	0	0	0	0	0	0	
3.288e+08	0	6	0	0	0	0	0	0	0	0	0	0	
3.289e+08	0	6	0	0	0	0	0	0	0	0	0	0	
3.29e+08	0	6	0	0	0	0	0	0	0	0	0	0	
3.291e+08	0	6	0	0	0	0	0	0	0	0	0	0	
3.292e+08	0	6	0	0	0	0	0	0	0	0	0	0	
3.293e+08	0	6	0	0	0	0	0	0	0	0	0	0	
3.294e+08	0	6	0	0	0	0	0	0	0	0	0	0	
3.295e+08	0	6	0	0	0	0	0	0	0	0	0	0	
3.296e+08	0	6	0	0	0	0	0	0	0	0	0	0	
3.297e+08	0	6	0	0	0	0	0	0	0	0	0	0	
3.298e+08	0	6	0	0	0	0	0	0	0	0	0	0	
3.299e+08	0	6	0	0	0	0	0	0	0	0	0	0	
3.3e+08	0	6	0	0	0	0	0	0	0	0	0	0	
3.301e+08	0	6	0	0	0	0	0	0	0	0	0	0	
3.302e+08	0	6	0	0	0	0	0	0	0	0	0	0	
3.303e+08	0	6	0	0	0	0	0	0	0	0	0	0	
3.304e+08	0	6	0	0	0	0	0	0	0	0	0	0	
3.305e+08	0	6	0	0	0	0	0	0	0	0	0	0	
3.306e+08	0	6	0	0	0	0	0	0	0	0	0	0	
3.307e+08	0	6	0	0	0	0	0	0	0	0	0	0	
3.308e+08	0	6	0	0	0	0	0	0	0	0	0	0	
3.309e+08	0	6	0	0	0	0	0	0	0	0	0	0	
3.31e+08	0	6	0	0	0	0	0	0	0	0	0	0	
3.311e+08	0	6	0	0	0	0	0	0	0	0	0	0	
3.312e+08	0	6	0	0	0	0	0	0	0	0	0	0	
3.313e+08	0	6	0	0	0	0	0	0	0	0	0	0	
3.314e+08	0	6	0	0	0	0	0	0	0	0	0	0	
3.315e+08	0	6	0	0	0	0	0	0	0	0	0	0	
3.316e+08	0	6	0	0	0	0	0	0	0	0	0	0	
3.317e+08	0	6	0	0	0	0	0	0	0	0	0	0	
3.318e+08	0	6	0	0	0	0	0	0	0	0	0	0	
3.319e+08	0	6	0	0	0	0	0	0	0	0	0	0	
3.32e+08	0	6	0	0	0	0	0	0	0	0	0	0	
3.321e+08	0	6	0	0	0	0	0	0	0	0	0	0	
3.322e+08	0	6	0	0	0	0	0	0	0	0	0	0	
3.323e+08	0	6	0	0	0	0	0	0	0	0	0	0	
3.324e+08	0	6	0	0	0	0	0	0	0	0	0	0	
3.325e+08	0	6	0	0	0	0	0	0	0	0	0	0	
3.326e+08	0	6	0	0	0	0	0	0	0	0	0	0	
3.327e+08	0	6	0	0	0	0	0	0	0	0	0	0	
3.328e+08	0	6	0	0	0	0	0	0	0	0	0	0	
3.329e+08	0	6	0	0	0	0	0	0	0	0	0	0	
3.33e+08	0	6	0	0	0	0	0	0	0	0	0	0	
3.331e+08	0	6	0	0	0	0	0	0	0	0	0	0	
3.332e+08	0	6	0	0	0	0	0	0	0	0	0	0	
3.333e+08	0	6	0	0	0	0	0	0	0	0	0	0	
3.334e+08	0	6	0	0	0	0	0	0	0	0	0	0	
3.335e+08	0	6	0	0	0	0	0	0	0	0	0	0	
3.336e+08	0	6	0	0	0	0	0	0	0	0	0	0	
3.337e+08	0	6	0	0	0	0	0	0	0	0	0	0	
3.338e+08	0	6	0	0	0	0	0	0	0	0	0	0	
3.339e+08	0	6	0	0	0	0	0	0	0	0	0	0	
3.34e+08	0	6	0	0	0	0	0	0	0	0	0	0	
3.341e+08	0	6	0	0	0	0	0	0	0	0	0	0	
3.342e+08	0	6	0	0	0	0	0	0	0	0	0	0	
3.343e+08	0	6	0	0	0	0	0	0	0	0	0	0	
3.344e+08	0	6	0	0	0	0	0	0	0	0	0	0	
3.345e+08	0	6	0	0	0	0	0	0	0	0	0	0	
3.346e+08	0	6	0	0	0	0	0	0	0	0	0	0	
3.347e+08	0	6	0	0	0	0	0	0	0	0	0	0	
3.348e+08	0	6	0	0	0	0	0	0	0	0	0	0	
3.349e+08	0	6	0	0	0	0	0	0	0	0	0	0	
3.35e+08	0	6	0	0	0	0	0	0	0	0	0	0	
3.351e+08	0	6	0	0	0	0	0	0	0	0	0	0	
3.352e+08	0	6	0	0	0	0	0	0	0	0	0	0	
3.353e+08	0	6	0	0	0	0	0	0	0	0	0	0	
3.354e+08	0	6	0	0	0	0	0	0	0	0	0	0	
3.355e+08	0	6	0	0	0	0	0	0	0	0	0	0	
3.356e+08	0	6	0	0	0	0	0	0	0	0	0	0	
3.357e+08	0	6	0	0	0	0	0	0	0	0	0	0	
3.358e+08	0	6	0	0	0	0	0	0	0	0	0	0	
3.359e+08	0	6	0	0	0	0	0	0	0	0	0	0	
3.36e+08	0	6	0	0	0	0	0	0	0	0	0	0	
3.361e+08	0	6	0	0	0	0	0	0	0	0	0	0	
3.362e+08	0	6	0	0	0	0	0	0	0	0	0	0	
3.363e+08	0	6	0	0	0	0	0	0	0	0	0	0	
3.364e+08	0	6	0	0	0	0	0	0	0	0	0	0	
3.365e+08	0	6	0	0	0	0	0	0	0	0	0	0	
3.366e+08	0	6	0	0	0	0	0	0	0	0	0	0	
3.367e+08	0	6	0	0	0	0	0	0	0	0	0	0	
3.368e+08	0	6	0	0	0	0	0	0	0	0	0	0	
3.369e+08	0	6	0	0	0	0	0	0	0	0	0	0	
3.37e+08	0	6	0	0	0	0	0	0	0	0	0	0	
3.371e+08	0	6	0	0	0	0	0	0	0	0	0	0	
3.372e+08	0	6	0	0	0	0	0	0	0	0	0	0	
3.373e+08	0	6	0	0	0	0	0	0	0	0	0	0	
3.374e+08	0	6	0	0	0	0	0	0	0	0	0	0	
3.375e+08	0	6	0	0	0	0	0	0	0	0	0	0	
3.376e+08	0	6	0	0	0	0	0	0	0	0	0	0	
3.377e+08	0	6	0	0	0	0	0	0	0	0	0	0	
3.378e+08	0	6	0	0	0	0	0	0	0	0	0	0	
3.379e+08	0	6	0	0	0	0	0	0	0	0	0	0	
3.38e+08	0	6	0	0	0	0	0	0	0	0	0	0	
3.381e+08	0	6	0	0	0	0	0	0	0	0	0	0	
3.382e+08	0	6	0	0	0	0	0	0	0	0	0	0	
3.383e+08	0	6	0	0	0	0	0	0	0	0	0	0	
3.384e+08	0	6	0	0	0	0	0	0	0	0	0	0	
3.385e+08	0	6	0	0	0	0	0	0	0	0	0	0	
3.386e+08	0	6	0	0	0	0	0	0	0	0	0	0	
3.387e+08	0	6	0	0	0	0	0	0	0	0	0	0	
3.388e+08	0	6	0	0	0	0	0	0	0	0	0	0	
3.389e+08	0	6	0	0	0	0	0	0	0	0	0	0	
3.39e+08	0	6	0	0	0	0	0	0	0	0	0	0	
3.391e+08	0	6	0	0	0	0	0	0	0	0	0	0	
3.392e+08	0	6	0	0	0	0	0	0	0	0	0	0	
3.393e+08	0	6	0	0	0	0	0	0	0	0	0	0	
3.394e+08	0	6	0	0	0	0	0	0	0	0	0	0	
3.395e+08	0	6	0	0	0	0	0	0	0	0	0	0	
3.396e+08	0	6	0	0	0	0	0	0	0	0	0	0	
3.397e+08	0	6	0	0	0	0	0	0	0	0	0	0	
3.398e+08	0	6	0	0	0	0	0	0	0	0	0	0	
3.399e+08	0	6	0	0	0	0	0	0	0	0	0	0	
3.4e+08	0	6	0	0	0	0	0	0	0	0	0	0	
3.401e+08	0	6	0	0	0	0	0	0	0	0	0	0	
3.402e+08	0	6	0	0	0	0	0	0	0	0	0	0	
3.403e+08	0	6	0	0	0	0	0	0	0	0	0	0	
3.404e+08	0	6	0	0	0	0	0	0	0	0	0	0	
3.405e+08	0	6	0	0	0	0	0	0	0	0	0	0	
3.406e+08	0	6	0	0	0	0	0	0	0	0	0	0	
3.407e+08	0	6	0	0	0	0	0	0	0	0	0	0	
3.408e+08	0	6	0	0	0	0	0	0	0	0	0	0	
3.409e+08	0	6	0	0	0	0	0	0	0	0	0	0	
3.41e+08	0	6	0	0	0	0	0	0	0	0	0	0	
3.411e+08	0	6	0	0	0	0	0	0	0	0	0	0	
3.412e+08	0	6	0	0	0	0	0	0	0	0	0	0	
3.413e+08	0	6	0	0	0	0	0	0	0	0	0	0	
3.414e+08	0	6	0	0	0	0	0	0	0	0	0	0	
3.415e+08	0	6	0	0	0	0	0	0	0	0	0	0	
3.416e+08	0	6	0	0	0	0	0	0	0	0	0	0	
3.417e+08	0	6	0	0	0	0	0	0	0	0	0	0	
3.418e+08	0	6	0	0	0	0	0	0	0	0	0	0	
3.419e+08	0	6	0	0	0	0	0	0	0	0	0	0	
3.42e+08	0	6	0	0	0	0	0	0	0	0	0	0	
3.421e+08	0	6	0	0	0	0	0	0	0	0	0	0	
3.422e+08	0	6	0	0	0	0	0	0	0	0	0	0	
3.423e+08	0	6	0	0	0	0	0	0	0	0	0	0	
3.424e+08	0	6	0	0	0	0	0	0	0	0	0	0	
3.425e+08	0	6	0	0	0	0	0	0	0	0	0	0	
3.426e+08	0	6	0	0	0	0	0	0	0	0	0	0	
3.427e+08	0	6	0	0	0	0	0	0	0	0	0	0	
3.428e+08	0	6	0	0	0	0	0	0	0	0	0	0	
3.429e+08	0	6	0	0	0	0	0	0	0	0	0	0	
3.43e+08	0	6	0	0	0	0	0	0	0	0	0	0	
3.431e+08	0	6	0	0	0	0	0	0	0	0	0	0	
3.432e+08	0	6	0	0	0	0	0	0	0	0	0	0	
3.433e+08	0	6	0	0	0	0	0	0	0	0	0	0	
3.434e+08	0	6	0	0	0	0	0	0	0	0	0	0	
3.435e+08	0	6	0	0	0	0	0	0	0	0	0	0	
3.436e+08	0	6	0	0	0	0	0	0	0	0	0	0	
3.437e+08	0	6	0	0	0	0	0	0	0	0	0	0	
3.438e+08	0	6	0	0	0	0	0	0	0	0	0	0	
3.439e+08	0	6	0	0	0	0	0	0	0	0	0	0	
3.44e+08	0	6	0	0	0	0	0	0	0	0	0	0	
3.441e+08	0	6	0	0	0	0	0	0	0	0	0	0	
3.442e+08	0	6	0	0	0	0	0	0	0	0	0	0	
3.443e+08	0	6	0	0	0	0	0	0	0	0	0	0	
3.444e+08	0	6	0	0	0	0	0	0	0	0	0	0	
3.445e+08	0	6	0	0	0	0	0	0	0	0	0	0	
3.446e+08	0	6	0	0	0	0	0	0	0	0	0	0	
3.447e+08	0	6	0	0	0	0	0	0	0	0	0	0	
3.448e+08	0	6	0	0	0	0	0	0	0	0	0	0	
3.449e+08	0	6	0	0	0	0	0	0	0	0	0	0	
3.45e+08	0	6	0	0	0	0	0	0	0	0	0	0	
3.451e+08	0	6	0	0	0	0	0	0	0	0	0	0	
3.452e+08	0	6	0	0	0	0	0	0	0	0	0	0	
3.453e+08	0	6	0	0	0	0	0	0	0	0	0	0	
3.454e+08	0	6	0	0	0	0	0	0	0	0	0	0	
3.455e+08	0	6	0	0	0	0	0	0	0	0	0	0	
3.456e+08	0	6	0	0	0	0	0	0	0	0	0	0	
3.457e+08	0	6	0	0	0	0	0	0	0	0	0	0	
3.458e+08	0	6	0	0	0	0	0	0	0	0	0	0	
3.459e+08	0	6	0	0	0	0	0	0	0	0	0	0	
3.46e+08	0	6	0	0	0	0	0	0	0	0	0	0	
3.461e+08	0	6	0	0	0	0	0	0	0	0	0	0	
3.462e+08	0	6	0	0	0	0	0	0	0	0	0	0	
3.463e+08	0	6	0	0	0	0	0	0	0	0	0	0	
3.464e+08	0	6	0	0	0	0	0	0	0	0	0	0	
3.465e+08	0	6	0	0	0	0	0	0	0	0	0	0	
3.466e+08	0	6	0	0	0	0	0	0	0	0	0	0	
3.467e+08	0	6	0	0	0	0	0	0	0	0	0	0	
3.468e+08	0	6	0	0	0	0	0	0	0	0	0	0	
3.469e+08	0	6	0	0	0	0	0	0	0	0	0	0	
3.47e+08	0	6	0	0	0	0	0	0	0	0	0	0	
3.471e+08	0	6	0	0	0	0	0	0	0	0	0	0	
3.472e+08	0	6	0	0	0	0	0	0	0	0	0	0	
3.473e+08	0	6	0	0	0	0	0	0	0	0	0	0	
3.474e+08	0	6	0	0	0	0	0	0	0	0	0	0	
3.475e+08	0	6	0	0	0	0	0	0	0	0	0	0	
3.476e+08	0	6	0	0	0	0	0	0	0	0	0	0	
3.477e+08	0	6	0	0	0	0	0	0	0	0	0	0	
3.478e+08	0	6	0	0	0	0	0	0	0	0	0	0	
3.479e+08	0	6	0	0	0	0	0	0	0	0	0	0	
3.48e+08	0	6	0	0	0	0	0	0	0	0	0	0	
3.481e+08	0	6	0	0	0	0	0	0	0	0	0	0	
3.482e+08	0	6	0	0	0	0	0	0	0	0	0	0	
3.483e+08	0	6	0	0	0	0	0	0	0	0	0	0	
3.484e+08	0	6	0	0	0	0	0	0	0	0	0	0	
3.485e+08	0	6	0	0	0	0	0	0	0	0	0	0	
3.486e+08	0	6	0	0	0	0	0	0	0	0	0	0	
3.487e+08	0	6	0	0	0	0	0	0	0	0	0	0	
3.488e+08	0	6	0	0	0	0	0	0	0	0	0	0	
3.489e+08	0	6	0	0	0	0	0	0	0	0	0	0	
3.49e+08	0	6	0	0	0	0	0	0	0	0	0	0	
3.491e+08	0	6	0	0	0	0	0	0	0	0	0	0	
3.492e+08	0	6	0	0	0	0	0	0	0	0	0	0	
3.493e+08	0	6	0	0	0	0	0	0	0	0	0	0	
3.494e+08	0	6	0	0	0	0	0	0	0	0	0	0	
3.495e+08	0	6	0	0	0	0	0	0	0	0	0	0	
3.496e+08	0	6	0	0	0	0	0	0	0	0	0	0	
3.497e+08	0	6	0	0	0	0	0	0	0	0	0	0	
3.498e+08	0	6	0	0	0	0	0	0	0	0	0	0	
3.499e+08	0	6	0	0	0	0	0	0	0	0	0	0	
3.5e+08	0	6	0	0	0	0	0	0	0	0	0	0	
3.501e+08	0	6	0	0	0	0	0	0	0	0	0	0	
3.502e+08	0	6	0	0	0	0	0	0	0	0	0	0	
3.503e+08	0	6	0	0	0	0	0	0	0	0	0	0	
3.504e+08	0	6	0	0	0	0	0	0	0	0	0	0	
3.505e+08	0	6	0	0	0	0	0	0	0	0	0	0	
3.506e+08	0	6	0	0	0	0	0	0	0	0	0	0	
3.507e+08	0	6	0	0	0	0	0	0	0	0	0	0	
3.508e+08	0	6	0	0	0	0	0	0	0	0	0	0	
3.509e+08	0	6	0	0	0	0	0	0	0	0	0	0	
3.51e+08	0	6	0	0	0	0	0	0	0	0	0	0	
3.511e+08	0	6	0	0	0	0	0	0	0	0	0	0	
3.512e+08	0	6	0	0	0	0	0	0	0	0	0	0	
3.513e+08	0	6	0	0	0	0	0	0	0	0	0	0	
3.514e+08	0	6	0	0	0	0	0	0	0	0	0	0	
3.515e+08	0	6	0	0	0	0	0	0	0	0	0	0	
3.516e+08	0	6	0	0	0	0	0	0	0	0	0	0	
3.517e+08	0	6	0	0	0	0	0	0	0	0	0	0	
3.518e+08	0	6	0	0	0	0	0	0	0	0	0	0	
3.519e+08	0	6	0	0	0	0	0	0	0	0	0	0	
3.52e+08	0	6	0	0	0	0	0	0	0	0	0	0	
3.521e+08	0	6	0	0	0	0	0	0	0	0	0	0	
3.522e+08	0	6	0	0	0	0	0	0	0	0	0	0	
3.523e+08	0	6	0	0	0	0	0	0	0	0	0	0	
3.524e+08	0	6	0	0	0	0	0	0	0	0	0	0	
3.525e+08	0	6	0	0	0	0	0	0	0	0	0	0	
3.526e+08	0	6	0	0	0	0	0	0	0	0	0	0	
3.527e+08	0	6	0	0	0	0	0	0	0	0	0	0	
3.528e+08	0	6	0	0	0	0	0	0	0	0	0	0	
3.529e+08	0	6	0	0	0	0	0	0	0	0	0	0	
3.53e+08	0	6	0	0	0	0	0	0	0	0	0	0	
3.531e+08	0	6	0	0	0	0	0	0	0	0	0	0	
3.532e+08	0	6	0	0	0	0	0	0	0	0	0	0	
3.533e+08	0	6	0	0	0	0	0	0	0	0	0	0	
3.534e+08	0	6	0	0	0	0	0	0	0	0	0	0	
3.535e+08	0	6	0	0	0	0	0	0	0	0	0	0	
3.536e+08	0	6	0	0	0	0	0	0	0	0	0	0	
3.537e+08	0	6	0	0	0	0	0	0	0	0	0	0	
3.538e+08	0	6	0	0	0	0	0	0	0	0	0	0	
3.539e+08	0	6	0	0	0	0	0	0	0	0	0	0	
3.54e+08	0	6	0	0	0	0	0	0	0	0	0	0	
3.541e+08	0	6	0	0	0	0	0	0	0	0	0	0	
3.542e+08	0	6	0	0	0	0	0	0	0	0	0	0	
3.543e+08	0	6	0	0	0	0	0	0	0	0	0	0	
3.544e+08	0	6	0	0	0	0	0	0	0	0	0	0	
3.545e+08	0	6	0	0	0	0	0	0	0	0	0	0	
3.546e+08	0	6	0	0	0	0	0	0	0	0	0	0	
3.547e+08	0	6	0	0	0	0	0	0	0	0	0	0	
3.548e+08	0	6	0	0	0	0	0	0	0	0	0	0	
3.549e+08	0	6	0	0	0	0	0	0	0	0	0	0	
3.55e+08	0	6	0	0	0	0	0	0	0	0	0	0	
3.551e+08	0	6	0	0	0	0	0	0	0	0	0	0	
3.552e+08	0	6	0	0	0	0	0	0	0	0	0	0	
3.553e+08	0	6	0	0	0	0	0	0	0	0	0	0	
3.554e+08	0	6	0	0	0	0	0	0	0	0	0	0	
3.555e+08	0	6	0	0	0	0	0	0	0	0	0	0	
3.556e+08	0	6	0	0	0	0	0	0	0	0	0	0	
3.557e+08	0	6	0	0	0	0	0	0	0	0	0	0	
3.558e+08	0	6	0	0	0	0	0	0	0	0	0	0	
3.559e+08	0	6	0	0	0	0	0	0	0	0	0	0	
3.56e+08	0	6	0	0	0	0	0	0	0	0	0	0	
3.561e+08	0	6	0	0	0	0	0	0	0	0	0	0	
3.562e+08	0	6	0	0	0	0	0	0	0	0	0	0	
3.563e+08	0	6	0	0	0	0	0	0	0	0	0	0	
3.564e+08	0	6	0	0	0	0	0	0	0	0	0	0	
3.565e+08	0	6	0	0	0	0	0	0	0	0	0	0	
3.566e+08	0	6	0	0	0	0	0	0	0	0	0	0	
3.567e+08	0	6	0	0	0	0	0	0	0	0	0	0	
3.568e+08	0	6	0	0	0	0	0	0	0	0	0	0	
3.569e+08	0	6	0	0	0	0	0	0	0	0	0	0	
3.57e+08	0	6	0	0	0	0	0	0	0	0	0	0	
3.571e+08	0	6	0	0	0	0	0	0	0	0	0	0	
3.572e+08	0	6	0	0	0	0	0	0	0	0	0	0	
3.573e+08	0	6	0	0	0	0	0	0	0	0	0	0	
3.574e+08	0	6	0	0	0	0	0	0	0	0	0	0	
3.575e+08	0	6	0	0	0	0	0	0	0	0	0	0	
3.576e+08	0	6	0	0	0	0	0	0	0	0	0	0	
3.577e+08	0	6	0	0	0	0	0	0	0	0	0	0	
3.578e+08	0	6	0	0	0	0	0	0	0	0	0	0	
3.579e+08	0	6	0	0	0	0	0	0	0	0	0	0	
3.58e+08	0	6	0	0	0	0	0	0	0	0	0	0	
3.581e+08	0	6	0	0	0	0	0	0	0	0	0	0	
3.582e+08	0	6	0	0	0	0	0	0	0	0	0	0	
3.583e+08	0	6	0	0	0	0	0	0	0	0	0	0	
3.584e+08	0	6	0	0	0	0	0	0	0	0	0	0	
3.585e+08	0	6	0	0	0	0	0	0	0	0	0	0	
3.586e+08	0	6	0	0	0	0	0	0	0	0	0	0	
3.587e+08	0	6	0	0	0	0	0	0	0	0	0	0	
3.588e+08	0	6	0	0	0	0	0	0	0	0	0	0	
3.589e+08	0	6	0	0	0	0	0	0	0	0	0	0	
3.59e+08	0	6	0	0	0	0	0	0	0	0	0	0	
3.591e+08	0	6	0	0	0	0	0	0	0	0	0	0	
3.592e+08	0	6	0	0	0	0	0	0	0	0	0	0	
3.593e+08	0	6	0	0	0	0	0	0	0	0	0	0	
3.594e+08	0	6	0	0	0	0	0	0	0	0	0	0	
3.595e+08	0	6	0	0	0	0	0	0	0	0	0	0	
3.596e+08	0	6	0	0	0	0	0	0	0	0	0	0	
3.597e+08	0	6	0	0	0	0	0	0	0	0	0	0	
3.598e+08	0	6	0	0	0	0	0	0	0	0	0	0	
3.599e+08	0	6	0	0	0	0	0	0	0	0	0	0	
3.6e+08	0	6	0	0	0	0	0	0	0	0	0	0	
3.601e+08	0	6	0	0	0	0	0	0	0	0	0	0	
3.602e+08	0	6	0	0	0	0	0	0	0	0	0	0	
3.603e+08	0	6	0	0	0	0	0	0	0	0	0	0	
3.604e+08	0	6	0	0	0	0	0	0	0	0	0	0	
3.605e+08	0	6	0	0	0	0	0	0	0	0	0	0	
3.606e+08	0	6	0	0	0	0	0	0	0	0	0	0	
3.607e+08	0	6	0	0	0	0	0	0	0	0	0	0	
3.608e+08	0	6	0	0	0	0	0	0	0	0	0	0	
3.609e+08	0	6	0	0	0	0	0	0	0	0	0	0	
3.61e+08	0	6	0	0	0	0	0	0	0	0	0	0	
3.611e+08	0	6	0	0	0	0	0	0	0	0	0	0	
3.612e+08	0	6	0	0	0	0	0	0	0	0	0	0	
3.613e+08	0	6	0	0	0	0	0	0	0	0	0	0	
3.614e+08	0	6	0	0	0	0	0	0	0	0	0	0	
3.615e+08	0	6	0	0	0	0	0	0	0	0	0	0	
3.616e+08	0	6	0	0	0	0	0	0	0	0	0	0	
3.617e+08	0	6	0	0	0	0	0	0	0	0	0	0	
3.618e+08	0	6	0	0	0	0	0	0	0	0	0	0	
3.619e+08	0	6	0	0	0	0	0	0	0	0	0	0	
3.62e+08	0	6	0	0	0	0	0	0	0	0	0	0	
3.621e+08	0	6	0	0	0	0	0	0	0	0	0	0	
3.622e+08	0	6	0	0	0	0	0	0	0	0	0	0	
3.623e+08	0	6	0	0	0	0	0	0	0	0	0	0	
3.624e+08	0	6	0	0	0	0	0	0	0	0	0	0	
3.625e+08	0	6	0	0	0	0	0	0	0	0	0	0	
3.626e+08	0	6	0	0	0	0	0	0	0	0	0	0	
3.627e+08	0	6	0	0	0	0	0	0	0	0	0	0	
3.628e+08	0	6	0	0	0	0	0	0	0	0	0	0	
3.629e+08	0	6	0	0	0	0	0	0	0	0	0	0	
3.63e+08	0	6	0	0	0	0	0	0	0	0	0	0	
3.631e+08	0	6	0	0	0	0	0	0	0	0	0	0	
3.632e+08	0	6	0	0	0	0	0	0	0	0	0	0	
3.633e+08	0	6	0	0	0	0	0	0	0	0	0	0	
3.634e+08	0	6	0	0	0	0	0	0	0	0	0	0	
3.635e+08	0	6	0	0	0	0	0	0	0	0	0	0	
3.636e+08	0	6	0	0	0	0	0	0	0	0	0	0	
3.637e+08	0	6	0	0	0	0	0	0	0	0	0	0	
3.638e+08	0	6	0	0	0	0	0	0	0	0	0	0	
3.639e+08	0	6	0	0	0	0	0	0	0	0	0	0	
3.64e+08	0	6	0	0	0	0	0	0	0	0	0	0	
3.641e+08	0	6	0	0	0	0	0	0	0	0	0	0	
3.642e+08	0	6	0	0	0	0	0	0	0	0	0	0	
3.643e+08	0	6	0	0	0	0	0	0	0	0	0	0	
3.644e+08	0	6	0	0	0	0	0	0	0	0	0	0	
3.645e+08	0	6	0	0	0	0	0	0	0	0	0	0	
3.646e+08	0	6	0	0	0	0	0	0	0	0	0	0	
3.647e+08	0	6	0	0	0	0	0	0	0	0	0	0	
3.648e+08	0	6	0	0	0	0	0	0	0	0	0	0	
3.649e+08	0	6	0	0	0	0	0	0	0	0	0	0	
3.65e+08	0	6	0	0	0	0	0	0	0	0	0	0	
3.651e+08	0	6	0	0	0	0	0	0	0	0	0	0	
3.652e+08	0	6	0	0	0	0	0	0	0	0	0	0	
3.653e+08	0	6	0	0	0	0	0	0	0	0	0	0	
3.654e+08	0	6	0	0	0	0	0	0	0	0	0	0	
3.655e+08	0	6	0	0	0	0	0	0	0	0	0	0	
3.656e+08	0	6	0	0	0	0	0	0	0	0	0	0	
3.657e+08	0	6	0	0	0	0	0	0	0	0	0	0	
3.658e+08	0	6	0	0	0	0	0	0	0	0	0	0	
3.659e+08	0	6	0	0	0	0	0	0	0	0	0	0	
3.66e+08	0	6	0	0	0	0	0	0	0	0	0	0	
3.661e+08	0	6	0	0	0	0	0	0	0	0	0	0	
3.662e+08	0	6	0	0	0	0	0	0	0	0	0	0	
3.663e+08	0	6	0	0	0	0	0	0	0	0	0	0	
3.664e+08	0	6	0	0	0	0	0	0	0	0	0	0	
3.665e+08	0	6	0	0	0	0	0	0	0	0	0	0	
3.666e+08	0	6	0	0	0	0	0	0	0	0	0	0	
3.667e+08	0	6	0	0	0	0	0	0	0	0	0	0	
3.668e+08	0	6	0	0	0	0	0	0	0	0	0	0	
3.669e+08	0	6	0	0	0	0	0	0	0	0	0	0	
3.67e+08	0	6	0	0	0	0	0	0	0	0	0	0	
3.671e+08	0	6	0	0	0	0	0	0	0	0	0	0	
3.672e+08	0	6	0	0	0	0	0	0	0	0	0	0	
3.673e+08	0	6	0	0	0	0	0	0	0	0	0	0	
3.674e+08	0	6	0	0	0	0	0	0	0	0	0	0	
3.675e+08	0	6	0	0	0	0	0	0	0	0	0	0	
3.676e+08	0	6	0	0	0	0	0	0	0	0	0	0	
3.677e+08	0	6	0	0	0	0	0	0	0	0	0	0	
3.678e+08	0	6	0	0	0	0	0	0	0	0	0	0	
3.679e+08	0	6	0	0	0	0	0	0	0	0	0	0	
3.68e+08	0	6	0	0	0	0	0	0	0	0	0	0	
3.681e+08	0	6	0	0	0	0	0	0	0	0	0	0	
3.682e+08	0	6	0	0	0	0	0	0	0	0	0	0	
3.683e+08	0	6	0	0	0	0	0	0	0	0	0	0	
3.684e+08	0	6	0	0	0	0	0	0	0	0	0	0	
3.685e+08	0	6	0	0	0	0	0	0	0	0	0	0	
3.686e+08	0	6	0	0	0	0	0	0	0	0	0	0	
3.687e+08	0	6	0	0	0	0	0	0	0	0	0	0	
3.688e+08	0	6	0	0	0	0	0	0	0	0	0	0	
3.689e+08	0	6	0	0	0	0	0	0	0	0	0	0	
3.69e+08	0	6	0	0	0	0	0	0	0	0	0	0	
3.691e+08	0	6	0	0	0	0	0	0	0	0	0	0	
3.692e+08	0	6	0	0	0	0	0	0	0	0	0	0	
3.693e+08	0	6	0	0	0	0	0	0	0	0	0	0	
3.694e+08	0	6	0	0	0	0	0	0	0	0	0	0	
3.695e+08	0	6	0	0	0	0	0	0	0	0	0	0	
3.696e+08	0	6	0	0	0	0	0	0	0	0	0	0	
3.697e+08	0	6	0	0	0	0	0	0	0	0	0	0	
3.698e+08	0	6	0	0	0	0	0	0	0	0	0	0	
3.699e+08	0	6	0	0	0	0	0	0	0	0	0	0	
3.7e+08	0	6	0	0	0	0	0	0	0	0	0	0	
3.701e+08	0	6	0	0	0	0	0	0	0	0	0	0	
3.702e+08	0	6	0	0	0	0	0	0	0	0	0	0	
3.703e+08	0	6	0	0	0	0	0	0	0	0	0	0	
3.704e+08	0	6	0	0	0	0	0	0	0	0	0	0	
3.705e+08	0	6	0	0	0	0	0	0	0	0	0	0	
3.706e+08	0	6	0	0	0	0	0	0	0	0	0	0	
3.707e+08	0	6	0	0	0	0	0	0	0	0	0	0	
3.708e+08	0	6	0	0	0	0	0	0	0	0	0	0	
3.709e+08	0	6	0	0	0	0	0	0	0	0	0	0	
3.71e+08	0	6	0	0	0	0	0	0	0	0	0	0	
3.711e+08	0	6	0	0	0	0	0	0	0	0	0	0	
3.712e+08	0	6	0	0	0	0	0	0	0	0	0	0	
3.713e+08	0	6	0	0	0	0	0	0	0	0	0	0	
3.714e+08	0	6	0	0	0	0	0	0	0	0	0	0	
3.715e+08	0	6	0	0	0	0	0	0	0	0	0	0	
3.716e+08	0	6	0	0	0	0	0	0	0	0	0	0	
3.717e+08	0	6	0	0	0	0	0	0	0	0	0	0	
3.718e+08	0	6	0	0	0	0	0	0	0	0	0	0	
3.719e+08	0	6	0	0	0	0	0	0	0	0	0	0	
3.72e+08	0	6	0	0	0	0	0	0	0	0	0	0	
3.721e+08	0	6	0	0	0	0	0	0	0	0	0	0	
3.722e+08	0	6	0	0	0	0	0	0	0	0	0	0	
3.723e+08	0	6	0	0	0	0	0	0	0	0	0	0	
3.724e+08	0	6	0	0	0	0	0	0	0	0	0	0	
3.725e+08	0	6	0	0	0	0	0	0	0	0	0	0	
3.726e+08	0	6	0	0	0	0	0	0	0	0	0	0	
3.727e+08	0	6	0	0	0	0	0	0	0	0	0	0	
3.728e+08	0	6	0	0	0	0	0	0	0	0	0	0	
3.729e+08	0	6	0	0	0	0	0	0	0	0	0	0	
3.73e+08	0	6	0	0	0	0	0	0	0	0	0	0	
3.731e+08	0	6	0	0	0	0	0	0	0	0	0	0	
3.732e+08	0	6	0	0	0	0	0	0	0	0	0	0	
3.733e+08	0	6	0	0	0	0	0	0	0	0	0	0	
3.734e+08	0	6	0	0	0	0	0	0	0	0	0	0	
3.735e+08	0	6	0	0	0	0	0	0	0	0	0	0	
3.736e+08	0	6	0	0	0	0	0	0	0	0	0	0	
3.737e+08	0	6	0	0	0	0	0	0	0	0	0	0	
3.738e+08	0	6	0	0	0	0	0	0	0	0	0	0	
3.739e+08	0	6	0	0	0	0	0	0	0	0	0	0	
3.74e+08	0	6	0	0	0	0	0	0	0	0	0	0	
3.741e+08	0	6	0	0	0	0	0	0	0	0	0	0	
3.742e+08	0	6	0	0	0	0	0	0	0	0	0	0	
3.743e+08	0	6	0	0	0	0	0	0	0	0	0	0	
3.744e+08	0	6	0	0	0	0	0	0	0	0	0	0	
3.745e+08	0	6	0	0	0	0	0	0	0	0	0	0	
3.746e+08	0	6	0	0	0	0	0	0	0	0	0	0	
3.747e+08	0	6	0	0	0	0	0	0	0	0	0	0	
3.748e+08	0	6	0	0	0	0	0	0	0	0	0	0	
3.749e+08	0	6	0	0	0	0	0	0	0	0	0	0	
3.75e+08	0	6	0	0	0	0	0	0	0	0	0	0	
3.751e+08	0	6	0	0	0	0	0	0	0	0	0	0	
3.752e+08	0	6	0	0	0	0	0	0	0	0	0	0	
3.753e+08	0	6	0	0	0	0	0	0	0	0	0	0	
3.754e+08	0	6	0	0	0	0	0	0	0	0	0	0	
3.755e+08	0	6	0	0	0	0	0	0	0	0	0	0	
3.756e+08	0	6	0	0	0	0	0	0	0	0	0	0	
3.757e+08	0	6	0	0	0	0	0	0	0	0	0	0	
3.758e+08	0	6	0	0	0	0	0	0	0	0	0	0	
3.759e+08	0	6	0	0	0	0	0	0	0	0	0	0	
3.76e+08	0	6	0	0	0	0	0	0	0	0	0	0	
3.761e+08	0	6	0	0	0	0	0	0	0	0	0	0	
3.762e+08	0	6	0	0	0	0	0	0	0	0	0	0	
3.763e+08	0	6	0	0	0	0	0	0	0	0	0	0	
3.764e+08	0	6	0	0	0	0	0	0	0	0	0	0	
3.765e+08	0	6	0	0	0	0	0	0	0	0	0	0	
3.766e+08	0	6	0	0	0	0	0	0	0	0	0	0	
3.767e+08	0	6	0	0	0	0	0	0	0	0	0	0	
3.768e+08	0	6	0	0	0	0	0	0	0	0	0	0	
3.769e+08	0	6	0	0	0	0	0	0	0	0	0	0	
3.77e+08	0	6	0	0	0	0	0	0	0	0	0	0	
3.771e+08	0	6	0	0	0	0	0	0	0	0	0	0	
3.772e+08	0	6	0	0	0	0	0	0	0	0	0	0	
3.773e+08	0	6	0	0	0	0	0	0	0	0	0	0	
3.774e+08	0	6	0	0	0	0	0	0	0	0	0	0	
3.775e+08	0	6	0	0	0	0	0	0	0	0	0	0	
3.776e+08	0	6	0	0	0	0	0	0	0	0	0	0	
3.777e+08	0	6	0	0	0	0	0	0	0	0	0	0	
3.778e+08	0	6	0	0	0	0	0	0	0	0	0	0	
3.779e+08	0	6	0	0	0	0	0	0	0	0	0	0	
3.78e+08	0	6	0	0	0	0	0	0	0	0	0	0	
3.781e+08	0	6	0	0	0	0	0	0	0	0	0	0	
3.782e+08	0	6	0	0	0	0	0	0	0	0	0	0	
3.783e+08	0	6	0	0	0	0	0	0	0	0	0	0	
3.784e+08	0	6	0	0	0	0	0	0	0	0	0	0	
3.785e+08	0	6	0	0	0	0	0	0	0	0	0	0	
3.786e+08	0	6	0	0	0	0	0	0	0	0	0	0	
3.787e+08	0	6	0	0	0	0	0	0	0	0	0	0	
3.788e+08	0	6	0	0	0	0	0	0	0	0	0	0	
3.789e+08	0	6	0	0	0	0	0	0	0	0	0	0	
3.79e+08	0	6	0	0	0	0	0	0	0	0	0	0	
3.791e+08	0	6	0	0	0	0	0	0	0	0	0	0	
3.792e+08	0	6	0	0	0	0	0	0	0	0	0	0	
3.793e+08	0	6	0	0	0	0	0	0	0	0	0	0	
3.794e+08	0	6	0	0	0	0	0	0	0	0	0	0	
3.795e+08	0	6	0	0	0	0	0	0	0	0	0	0	
3.796e+08	0	6	0	0	0	0	0	0	0	0	0	0	
3.797e+08	0	6	0	0	0	0	0	0	0	0	0	0	
3.798e+08	0	6	0	0	0	0	0	0	0	0	0	0	
3.799e+08	0	6	0	0	0	0	0	0	0	0	0	0	
3.8e+08	0	6	0	0	0	0	0	0	0	0	0	0	
3.801e+08	0	6	0	0	0	0	0	0	0	0	0	0	
3.802e+08	0	6	0	0	0	0	0	0	0	0	0	0	
3.803e+08	0	6	0	0	0	0	0	0	0	0	0	0	
3.804e+08	0	6	0	0	0	0	0	0	0	0	0	0	
3.805e+08	0	6	0	0	0	0	0	0	0	0	0	0	
3.806e+08	0	6	0	0	0	0	0	0	0	0	0	0	
3.807e+08	0	6	0	0	0	0	0	0	0	0	0	0	
3.808e+08	0	6	0	0	0	0	0	0	0	0	0	0	
3.809e+08	0	6	0	0	0	0	0	0	0	0	0	0	
3.81e+08	0	6	0	0	0	0	0	0	0	0	0	0	
3.811e+08	0	6	0	0	0	0	0	0	0	0	0	0	
3.812e+08	0	6	0	0	0	0	0	0	0	0	0	0	
3.813e+08	0	6	0	0	0	0	0	0	0	0	0	0	
3.814e+08	0	6	0	0	0	0	0	0	0	0	0	0	
3.815e+08	0	6	0	0	0	0	0	0	0	0	0	0	
3.816e+08	0	6	0	0	0	0	0	0	0	0	0	0	
3.817e+08	0	6	0	0	0	0	0	0	0	0	0	0	
3.818e+08	0	6	0	0	0	0	0	0	0	0	0	0	
3.819e+08	0	6	0	0	0	0	0	0	0	0	0	0	
3.82e+08	0	6	0	0	0	0	0	0	0	0	0	0	
3.821e+08	0	6	0	0	0	0	0	0	0	0	0	0	
3.822e+08	0	6	0	0	0	0	0	0	0	0	0	0	
3.823e+08	0	6	0	0	0	0	0	0	0	0	0	0	
3.824e+08	0	6	0	0	0	0	0	0	0	0	0	0	
3.825e+08	0	6	0	0	0	0	0	0	0	0	0	0	
3.826e+08	0	6	0	0	0	0	0	0	0	0	0	0	
3.827e+08	0	6	0	0	0	0	0	0	0	0	0	0	
3.828e+08	0	6	0	0	0	0	0	0	0	0	0	0	
3.829e+08	0	6	0	0	0	0	0	0	0	0	0	0	
3.83e+08	0	6	0	0	0	0	0	0	0	0	0	0	
3.831e+08	0	6	0	0	0	0	0	0	0	0	0	0	
3.832e+08	0	6	0	0	0	0	0	0	0	0	0	0	
3.833e+08	0	6	0	0	0	0	0	0	0	0	0	0	
3.834e+08	0	6	0	0	0	0	0	0	0	0	0	0	
3.835e+08	0	6	0	0	0	0	0	0	0	0	0	0	
3.836e+08	0	6	0	0	0	0	0	0	0	0	0	0	
3.837e+08	0	6	0	0	0	0	0	0	0	0	0	0	
3.838e+08	0	6	0	0	0	0	0	0	0	0	0	0	
3.839e+08	0	6	0	0	0	0	0	0	0	0	0	0	
3.84e+08	0	6	0	0	0	0	0	0	0	0	0	0	
3.841e+08	0	6	0	0	0	0	0	0	0	0	0	0	
3.842e+08	0	6	0	0	0	0	0	0	0	0	0	0	
3.843e+08	0	6	0	0	0	0	0	0	0	0	0	0	
3.844e+08	0	6	0	0	0	0	0	0	0	0	0	0	
3.845e+08	0	6	0	0	0	0	0	0	0	0	0	0	
3.846e+08	0	6	0	0	0	0	0	0	0	0	0	0	
3.847e+08	0	6	0	0	0	0	0	0	0	0	0	0	
3.848e+08	0	6	0	0	0	0	0	0	0	0	0	0	
3.849e+08	0	6	0	0	0	0	0	0	0	0	0	0	
3.85e+08	0	6	0	0	0	0	0	0	0	0	0	0	
3.851e+08	0	6	0	0	0	0	0	0	0	0	0	0	
3.852e+08	0	6	0	0	0	0	0	0	0	0	0	0	
3.853e+08	0	6	0	0	0	0	0	0	0	0	0	0	
3.854e+08	0	6	0	0	0	0	0	0	0	0	0	0	
3.855e+08	0	6	0	0	0	0	0	0	0	0	0	0	
3.856e+08	0	6	0	0	0	0	0	0	0	0	0	0	
3.857e+08	0	6	0	0	0	0	0	0	0	0	0	0	
3.858e+08	0	6	0	0	0	0	0	0	0	0	0	0	
3.859e+08	0	6	0	0	0	0	0	0	0	0	0	0	
3.86e+08	0	6	0	0	0	0	0	0	0	0	0	0	
3.861e+08	0	6	0	0	0	0	0	0	0	0	0	0	
3.862e+08	0	6	0	0	0	0	0	0	0	0	0	0	
3.863e+08	0	6	0	0	0	0	0	0	0	0	0	0	
3.864e+08	0	6	0	0	0	0	0	0	0	0	0	0	
3.865e+08	0	6	0	0	0	0	0	0	0	0	0	0	
3.866e+08	0	6	0	0	0	0	0	0	0	0	0	0	
3.867e+08	0	6	0	0	0	0	0	0	0	0	0	0	
3.868e+08	0	6	0	0	0	0	0	0	0	0	0	0	
3.869e+08	0	6	0	0	0	0	0	0	0	0	0	0	
3.87e+08	0	6	0	0	0	0	0	0	0	0	0	0	
3.871e+08	0	6	0	0	0	0	0	0	0	0	0	0	
3.872e+08	0	6	0	0	0	0	0	0	0	0	0	0	
3.873e+08	0	6	0	0	0	0	0	0	0	0	0	0	
3.874e+08	0	6	0	0	0	0	0	0	0	0	0	0	
3.875e+08	0	6	0	0	0	0	0	0	0	0	0	0	
3.876e+08	0	6	0	0	0	0	0	0	0	0	0	0	
3.877e+08	0	6	0	0	0	0	0	0	0	0	0	0	
3.878e+08	0	6	0	0	0	0	0	0	0	0	0	0	
3.879e+08	0	6	0	0	0	0	0	0	0	0	0	0	
3.88e+08	0	6	0	0	0	0	0	0	0	0	0	0	
3.881e+08	0	6	0	0	0	0	0	0	0	0	0	0	
3.882e+08	0	6	0	0	0	0	0	0	0	0	0	0	
3.883e+08	0	6	0	0	0	0	0	0	0	0	0	0	
3.884e+08	0	6	0	0	0	0	0	0	0	0	0	0	
3.885e+08	0	6	0	0	0	0	0	0	0	0	0	0	
3.886e+08	0	6	0	0	0	0	0	0	0	0	0	0	
3.887e+08	0	6	0	0	0	0	0	0	0	0	0	0	
3.888e+08	0	6	0	0	0	0	0	0	0	0	0	0	
3.889e+08	0	6	0	0	0	0	0	0	0	0	0	0	
3.89e+08	0	6	0	0	0	0	0	0	0	0	0	0	
3.891e+08	0	6	0	0	0	0	0	0	0	0	0	0	
3.892e+08	0	6	0	0	0	0	0	0	0	0	0	0	
3.893e+08	0	6	0	0	0	0	0	0	0	0	0	0	
3.894e+08	0	6	0	0	0	0	0	0	0	0	0	0	
3.895e+08	0	6	0	0	0	0	0	0	0	0	0	0	
3.896e+08	0	6	0	0	0	0	0	0	0	0	0	0	
3.897e+08	0	6	0	0	0	0	0	0	0	0	0	0	
3.898e+08	0	6	0	0	0	0	0	0	0	0	0	0	
3.899e+08	0	6	0	0	0	0	0	0	0	0	0	0	
3.9e+08	0	6	0	0	0	0	0	0	0	0	0	0	
3.901e+08	0	6	0	0	0	0	0	0	0	0	0	0	
3.902e+08	0	6	0	0	0	0	0	0	0	0	0	0	
3.903e+08	0	6	0	0	0	0	0	0	0	0	0	0	
3.904e+08	0	6	0	0	0	0	0	0	0	0	0	0	
3.905e+08	0	6	0	0	0	0	0	0	0	0	0	0	
3.906e+08	0	6	0	0	0	0	0	0	0	0	0	0	
3.907e+08	0	6	0	0	0	0	0	0	0	0	0	0	
3.908e+08	0	6	0	0	0	0	0	0	0	0	0	0	
3.909e+08	0	6	0	0	0	0	0	0	0	0	0	0	
3.91e+08	0	6	0	0	0	0	0	0	0	0	0	0	
3.911e+08	0	6	0	0	0	0	0	0	0	0	0	0	
3.912e+08	0	6	0	0	0	0	0	0	0	0	0	0	
3.913e+08	0	6	0	0	0	0	0	0	0	0	0	0	
3.914e+08	0	6	0	0	0	0	0	0	0	0	0	0	
3.915e+08	0	6	0	0	0	0	0	0	0	0	0	0	
3.916e+08	0	6	0	0	0	0	0	0	0	0	0	0	
3.917e+08	0	6	0	0	0	0	0	0	0	0	0	0	
3.918e+08	0	6	0	0	0	0	0	0	0	0	0	0	
3.919e+08	0	6	0	0	0	0	0	0	0	0	0	0	
3.92e+08	0	6	0	0	0	0	0	0	0	0	0	0	
3.921e+08	0	6	0	0	0	0	0	0	0	0	0	0	
3.922e+08	0	6	0	0	0	0	0	0	0	0	0	0	
3.923e+08	0	6	0	0	0	0	0	0	0	0	0	0	
3.924e+08	0	6	0	0	0	0	0	0	0	0	0	0	
3.925e+08	0	6	0	0	0	0	0	0	0	0	0	0	
3.926e+08	0	6	0	0	0	0	0	0	0	0	0	0	
3.927e+08	0	6	0	0	0	0	0	0	0	0	0	0	
3.928e+08	0	6	0	0	0	0	0	0	0	0	0	0	
3.929e+08	0	6	0	0	0	0	0	0	0	0	0	0	
3.93e+08	0	6	0	0	0	0	0	0	0	0	0	0	
3.931e+08	0	6	0	0	0	0	0	0	0	0	0	0	
3.932e+08	0	6	0	0	0	0	0	0	0	0	0	0	
3.933e+08	0	6	0	0	0	0	0	0	0	0	0	0	
3.934e+08	0	6	0	0	0	0	0	0	0	0	0	0	
3.935e+08	0	6	0	0	0	0	0	0	0	0	0	0	
3.936e+08	0	6	0	0	0	0	0	0	0	0	0	0	
3.937e+08	0	6	0	0	0	0	0	0	0	0	0	0	
3.938e+08	0	6	0	0	0	0	0	0	0	0	0	0	
3.939e+08	0	6	0	0	0	0	0	0	0	0	0	0	
3.94e+08	0	6	0	0	0	0	0	0	0	0	0	0	
3.941e+08	0	6	0	0	0	0	0	0	0	0	0	0	
3.942e+08	0	6	0	0	0	0	0	0	0	0	0	0	
3.943e+08	0	6	0	0	0	0	0	0	0	0	0	0	
3.944e+08	0	6	0	0	0	0	0	0	0	0	0	0	
3.945e+08	0	6	0	0	0	0	0	0	0	0	0	0	
3.946e+08	0	6	0	0	0	0	0	0	0	0	0	0	
3.947e+08	0	6	0	0	0	0	0	0	0	0	0	0	
3.948e+08	0	6	0	0	0	0	0	0	0	0	0	0	
3.949e+08	0	6	0	0	0	0	0	0	0	0	0	0	
3.95e+08	0	6	0	0	0	0	0	0	0	0	0	0	
3.951e+08	0	6	0	0	0	0	0	0	0	0	0	0	
3.952e+08	0	6	0	0	0	0	0	0	0	0	0	0	
3.953e+08	0	6	0	0	0	0	0	0	0	0	0	0	
3.954e+08	0	6	0	0	0	0	0	0	0	0	0	0	
3.955e+08	0	6	0	0	0	0	0	0	0	0	0	0	
3.956e+08	0	6	0	0	0	0	0	0	0	0	0	0	
3.957e+08	0	6	0	0	0	0	0	0	0	0	0	0	
3.958e+08	0	6	0	0	0	0	0	0	0	0	0	0	
3.959e+08	0	6	0	0	0	0	0	0	0	0	0	0	
3.96e+08	0	6	0	0	0	0	0	0	0	0	0	0	
3.961e+08	0	6	0	0	0	0	0	0	0	0	0	0	
3.962e+08	0	6	0	0	0	0	0	0	0	0	0	0	
3.963e+08	0	6	0	0	0	0	0	0	0	0	0	0	
3.964e+08	0	6	0	0	0	0	0	0	0	0	0	0	
3.965e+08	0	6	0	0	0	0	0	0	0	0	0	0	
3.966e+08	0	6	0	0	0	0	0	0	0	0	0	0	
3.967e+08	0	6	0	0	0	0	0	0	0	0	0	0	
3.968e+08	0	6	0	0	0	0	0	0	0	0	0	0	
3.969e+08	0	6	0	0	0	0	0	0	0	0	0	0	
3.97e+08	0	6	0	0	0	0	0	0	0	0	0	0	
3.971e+08	0	6	0	0	0	0	0	0	0	0	0	0	
3.972e+08	0	6	0	0	0	0	0	0	0	0	0	0	
3.973e+08	0	6	0	0	0	0	0	0	0	0	0	0	
3.974e+08	0	6	0	0	0	0	0	0	0	0	0	0	
3.975e+08	0	6	0	0	0	0	0	0	0	0	0	0	
3.976e+08	0	6	0	0	0	0	0	0	0	0	0	0	
3.977e+08	0	6	0	0	0	0	0	0	0	0	0	0	
3.978e+08	0	6	0	0	0	0	0	0	0	0	0	0	
3.979e+08	0	6	0	0	0	0	0	0	0	0	0	0	
3.98e+08	0	6	0	0	0	0	0	0	0	0	0	0	
3.981e+08	0	6	0	0	0	0	0	0	0	0	0	0	
3.982e+08	0	6	0	0	0	0	0	0	0	0	0	0	
3.983e+08	0	6	0	0	0	0	0	0	0	0	0	0	
3.984e+08	0	6	0	0	0	0	0	0	0	0	0	0	
3.985e+08	0	6	0	0	0	0	0	0	0	0	0	0	
3.986e+08	0	6	0	0	0	0	0	0	0	0	0	0	
3.987e+08	0	6	0	0	0	0	0	0	0	0	0	0	
3.988e+08	0	6	0	0	0	0	0	0	0	0	0	0	
3.989e+08	0	6	0	0	0	0	0	0	0	0	0	0	
3.99e+08	0	6	0	0	0	0	0	0	0	0	0	0	
3.991e+08	0	6	0	0	0	0	0	0	0	0	0	0	
3.992e+08	0	6	0	0	0	0	0	0	0	0	0	0	
3.993e+08	0	6	0	0	0	0	0	0	0	0	0	0	
3.994e+08	0	6	0	0	0	0	0	0	0	0	0	0	
3.995e+08	0	6	0	0	0	0	0	0	0	0	0	0	
3.996e+08	0	6	0	0	0	0	0	0	0	0	0	0	
3.997e+08	0	6	0	0	0	0	0	0	0	0	0	0	
3.998e+08	0	6	0	0	0	0	0	0	0	0	0	0	
3.999e+08	0	6	0	0	0	0	0	0	0	0	0	0	
4e+08	0	6	0	0	0	0	0	0	0	0	0	0	
